Accuracy = 85.7143% (24/28) (classification);
Chave do vetor;beach;cafe/restaurant;car;city_center;forest_path;grocery_store;home;library;metro_station;office;park;residential_area;train;tram;Classe Predita;Classe correta;
b010_150_180.wav;0.446131;0.0126533;0.0118724;0.0821775;0.0878178;0.0174327;0.0458345;0.0341816;0.0280982;0.0225448;0.0570471;0.0911166;0.0224248;0.0406674;beach;beach;
b010_30_60.wav;0.182027;0.0167074;0.0110888;0.165332;0.160144;0.0234632;0.0385452;0.0667561;0.0523302;0.0164809;0.0989479;0.11259;0.0297853;0.0258018;beach;beach;
a083_150_180.wav;0.019302;0.350891;0.0133514;0.0111993;0.0134514;0.0913394;0.177082;0.0555453;0.0518374;0.0250078;0.0118105;0.0184667;0.119782;0.0409338;cafe/restaurant;cafe/restaurant;
a083_60_90.wav;0.0187858;0.392841;0.0162806;0.00895175;0.0132554;0.0766343;0.179759;0.0388959;0.0402759;0.0460208;0.0109981;0.0183392;0.0938135;0.0451487;cafe/restaurant;cafe/restaurant;
b096_180_210.wav;0.0130359;0.0116062;0.549043;0.0120581;0.0245143;0.0110042;0.0153297;0.0140871;0.0267431;0.0629469;0.0284489;0.0361615;0.027468;0.167553;car;car;
b096_210_240.wav;0.0139604;0.0110926;0.524205;0.013356;0.0269226;0.010882;0.0143113;0.0138988;0.0263912;0.0666385;0.0297418;0.0405743;0.0265437;0.181482;car;car;
b099_60_90.wav;0.051578;0.0165644;0.0112015;0.260999;0.124262;0.0230996;0.0228097;0.0840993;0.113723;0.0114154;0.121689;0.0917515;0.0471527;0.0196554;city_center;city_center;
b099_30_60.wav;0.108885;0.0125823;0.01105;0.337761;0.128332;0.0187536;0.0251662;0.0411042;0.0462532;0.0134041;0.102375;0.0997726;0.0305579;0.0240031;city_center;city_center;
a040_30_60.wav;0.044834;0.0144795;0.011764;0.172268;0.214851;0.0193584;0.0257548;0.0799477;0.0537595;0.014822;0.167367;0.102293;0.0595641;0.0189362;forest_path;forest_path;
a040_141_171.wav;0.0412099;0.0146916;0.0119239;0.156752;0.190598;0.0195684;0.0238699;0.0913144;0.0756723;0.0133285;0.183737;0.099194;0.0595496;0.0185907;forest_path;forest_path;
b085_60_90.wav;0.0421838;0.0203556;0.0139732;0.0287107;0.0292965;0.183605;0.120567;0.0471272;0.0865808;0.0413649;0.0218824;0.0677213;0.0829278;0.213703;tram;grocery_store;
b085_0_30.wav;0.0273991;0.0336591;0.0146804;0.0163394;0.0219655;0.351531;0.128999;0.0540798;0.0639451;0.0449705;0.020769;0.0439042;0.110762;0.0669954;grocery_store;grocery_store;
a031_90_120.wav;0.0315888;0.222875;0.0152561;0.0151515;0.0322257;0.0653696;0.222111;0.0917157;0.0773356;0.0365743;0.0191913;0.0319593;0.103018;0.0356273;cafe/restaurant;home;
a031_150_180.wav;0.03007;0.118005;0.0140894;0.0123947;0.023613;0.0639196;0.386874;0.0662979;0.0542986;0.0511409;0.0151064;0.0283639;0.0957559;0.0400707;home;home;
b034_150_180.wav;0.0137679;0.0277188;0.0117603;0.0481271;0.0746271;0.0905146;0.031589;0.342567;0.10477;0.013008;0.0559462;0.0481241;0.123999;0.0134819;library;library;
b034_210_240.wav;0.0174871;0.0239587;0.01186;0.0546901;0.0638592;0.148321;0.044153;0.250024;0.112095;0.0163278;0.0499297;0.0757478;0.1133;0.018246;library;library;
b071_150_180.wav;0.03531;0.0386365;0.0189441;0.0197423;0.0352995;0.101393;0.0864621;0.0658701;0.270172;0.0541107;0.033518;0.0788681;0.068642;0.0930315;metro_station;metro_station;
b071_60_90.wav;0.010568;0.0235208;0.0229301;0.0239169;0.150718;0.0421756;0.0184106;0.0903657;0.101798;0.0262028;0.19145;0.0735521;0.208053;0.0163386;train;metro_station;
a099_60_90.wav;0.0134743;0.0129762;0.0628532;0.0154751;0.082209;0.0156934;0.0255572;0.024736;0.0390282;0.361492;0.0750608;0.165753;0.0606755;0.0450161;office;office;
a099_150_180.wav;0.0187077;0.0151634;0.0355651;0.0156669;0.0569924;0.026572;0.0727436;0.0282335;0.0394953;0.406758;0.0546605;0.0864864;0.0576698;0.0852854;office;office;
a018_0_30.wav;0.0235295;0.0097322;0.0164121;0.0424874;0.286281;0.0105383;0.0156893;0.0269763;0.0276976;0.0219286;0.303211;0.137033;0.0626185;0.0158648;park;park;
a018_180_210.wav;0.0173657;0.0115904;0.0210142;0.0386837;0.211939;0.0138517;0.0162656;0.0328101;0.0687755;0.0274335;0.251464;0.192646;0.0733132;0.0228475;park;park;
b008_0_30.wav;0.0180586;0.0108982;0.0470716;0.0161779;0.110891;0.0128337;0.024507;0.0214154;0.0292268;0.303484;0.105824;0.204949;0.0533088;0.0413537;office;residential_area;
b008_180_210.wav;0.0151909;0.0151041;0.043015;0.0182215;0.179779;0.0132277;0.0188485;0.0251713;0.0524032;0.103094;0.165635;0.259251;0.0624406;0.0286187;residential_area;residential_area;
b065_84_114.wav;0.00816098;0.0157831;0.0156897;0.0286035;0.0215497;0.181164;0.0436815;0.0480444;0.0333024;0.0203465;0.0221966;0.0410948;0.471339;0.0490436;train;train;
b065_174_204.wav;0.0155429;0.0115496;0.0209569;0.0443122;0.0223619;0.130772;0.0657239;0.0249416;0.0278878;0.0356365;0.0203824;0.0625551;0.285088;0.232289;train;train;
a148_60_90.wav;0.0349186;0.0278697;0.0177661;0.0315707;0.0321825;0.0520986;0.0582341;0.0366818;0.222117;0.0428695;0.0263249;0.0799807;0.0628091;0.274577;tram;tram;
a148_180_210.wav;0.0595404;0.0163848;0.0123056;0.0507296;0.0269717;0.0377217;0.0491254;0.0283147;0.0943584;0.0232604;0.0217733;0.0727302;0.0388423;0.467941;tram;tram;
