Accuracy = 92.8571% (26/28) (classification);
Chave do vetor;beach;cafe/restaurant;car;city_center;forest_path;grocery_store;home;library;metro_station;office;park;residential_area;train;tram;Classe Predita;Classe correta;
b010_120_150.wav;0.435503;0.0138171;0.0141807;0.0805956;0.0609535;0.0281143;0.042483;0.0325291;0.0385344;0.0240984;0.0379827;0.106371;0.0262631;0.0585742;beach;beach;
b022_120_150.wav;0.473164;0.0222211;0.0148002;0.0540387;0.041255;0.0263646;0.029257;0.05205;0.104941;0.0135897;0.0286779;0.0705528;0.0322666;0.0368215;beach;beach;
a083_120_150.wav;0.013523;0.666046;0.0172415;0.00824828;0.0129771;0.0362263;0.0586361;0.0277491;0.0398083;0.0209763;0.010281;0.0131978;0.055492;0.0195977;cafe/restaurant;cafe/restaurant;
a083_90_120.wav;0.0365819;0.357446;0.0156229;0.012171;0.0181031;0.0451273;0.119193;0.0716648;0.136845;0.0199313;0.0133604;0.0217657;0.101408;0.0307791;cafe/restaurant;cafe/restaurant;
b096_0_30.wav;0.0182975;0.0273751;0.279469;0.0192227;0.0297115;0.0150711;0.0257998;0.0240511;0.0703231;0.123575;0.0401512;0.0644694;0.0637849;0.198699;car;car;
b096_270_300.wav;0.0193006;0.0257928;0.399855;0.0188642;0.0304625;0.0148768;0.0223796;0.0210884;0.0575141;0.0838163;0.0324169;0.0494879;0.0501835;0.173961;car;car;
b099_90_120.wav;0.0658142;0.022893;0.0113432;0.19376;0.0996017;0.048472;0.0264516;0.14514;0.143185;0.0109045;0.0663335;0.0880213;0.0608972;0.0171828;city_center;city_center;
b094_90_120.wav;0.0279272;0.0170676;0.0124959;0.37149;0.0764716;0.0398124;0.0176154;0.0727361;0.105749;0.0102843;0.0758191;0.075819;0.0763615;0.0203515;city_center;city_center;
a040_0_30.wav;0.0215264;0.0510583;0.0237525;0.023621;0.308246;0.0272586;0.0368383;0.0988044;0.0834023;0.0414678;0.0407095;0.0450578;0.16931;0.0289476;forest_path;forest_path;
a096_180_210.wav;0.0308692;0.0128695;0.0263576;0.0545729;0.191153;0.0138735;0.0190524;0.0189589;0.0345178;0.0732568;0.231328;0.211514;0.0507653;0.0309106;park;forest_path;
b085_180_210.wav;0.013017;0.107726;0.0153755;0.0232713;0.0432739;0.0630348;0.0310901;0.239137;0.175392;0.0165533;0.0339932;0.0267489;0.193966;0.0174211;library;grocery_store;
b085_150_180.wav;0.0180457;0.0362667;0.0122854;0.0293387;0.0290206;0.311733;0.0452385;0.154899;0.115301;0.0156914;0.0302382;0.0473012;0.130742;0.0238985;grocery_store;grocery_store;
a031_60_90.wav;0.0196883;0.0489288;0.0170378;0.00985549;0.0230678;0.0399366;0.441362;0.0379056;0.0555016;0.143373;0.0153628;0.0216156;0.0921429;0.0342212;home;home;
a031_120_150.wav;0.0159947;0.0812987;0.0150334;0.00982721;0.0218597;0.0225469;0.418525;0.0489235;0.0558061;0.0695036;0.014782;0.022834;0.166798;0.0362672;home;home;
b034_60_90.wav;0.054899;0.024078;0.012343;0.0396134;0.0510711;0.074838;0.0811592;0.320242;0.10925;0.0191322;0.0278756;0.0612214;0.0918782;0.032399;library;library;
b034_30_60.wav;0.0196445;0.0302305;0.0122235;0.0538375;0.110635;0.0341197;0.0237675;0.244524;0.221205;0.0133716;0.0700675;0.0414901;0.111384;0.0135007;library;library;
b071_90_120.wav;0.0164631;0.0162634;0.0151918;0.0562274;0.0552133;0.0390297;0.0204652;0.0773331;0.260641;0.0228467;0.129666;0.139444;0.12377;0.027445;metro_station;metro_station;
a084_242_272.wav;0.0270309;0.0249942;0.0122938;0.19323;0.0659416;0.0468293;0.0180789;0.153923;0.210485;0.00951881;0.070744;0.0465202;0.104826;0.0155829;metro_station;metro_station;
a099_210_240.wav;0.0151967;0.0122226;0.0283822;0.0151719;0.0534799;0.0150124;0.0329626;0.0228094;0.0359624;0.528002;0.0466837;0.100492;0.0529199;0.0407028;office;office;
a099_0_30.wav;0.0249257;0.0115873;0.0207219;0.0179137;0.0978925;0.0184189;0.0415154;0.0232209;0.0331543;0.436512;0.0468467;0.130052;0.0450152;0.0522226;office;office;
a018_150_180.wav;0.0518312;0.0118575;0.0131126;0.0916629;0.218396;0.0163954;0.0203976;0.0317675;0.0375999;0.0213252;0.253004;0.163005;0.0500461;0.0195992;park;park;
a018_120_150.wav;0.0561843;0.0133823;0.0137923;0.0869939;0.232045;0.0141808;0.0182086;0.0288564;0.0387027;0.0185518;0.309416;0.107876;0.0460769;0.0157328;park;park;
b008_60_90.wav;0.018555;0.0135487;0.0243545;0.053198;0.0746682;0.0206313;0.0178997;0.0307385;0.135991;0.0581041;0.177361;0.225929;0.103296;0.0457247;residential_area;residential_area;
b008_150_180.wav;0.023854;0.0176236;0.03172;0.0360081;0.0940552;0.0128616;0.0204744;0.0270758;0.0937919;0.0962493;0.170864;0.276059;0.0651216;0.0342419;residential_area;residential_area;
b065_54_84.wav;0.00977377;0.0402984;0.0154346;0.0333086;0.0224669;0.264442;0.0519373;0.0806801;0.0600164;0.0208885;0.0213547;0.0352204;0.308291;0.035888;train;train;
b065_204_234.wav;0.0121631;0.0168973;0.0160257;0.0568542;0.0537029;0.0934125;0.0433009;0.0902828;0.0488392;0.0362494;0.0416633;0.0704827;0.378936;0.0411903;train;train;
a148_240_270.wav;0.0195193;0.0160239;0.0133848;0.0237588;0.0210556;0.0330605;0.0333709;0.0221874;0.0487905;0.0326184;0.0165507;0.0342517;0.0488705;0.636557;tram;tram;
b082_90_120.wav;0.0106974;0.0143238;0.022682;0.0171416;0.0289862;0.036786;0.0296262;0.0149915;0.0401154;0.150692;0.0224636;0.0338888;0.0531626;0.524443;tram;tram;
