Accuracy = 62.7517% (187/298) (classification);
Chave do vetor;beach;bus;cafe/restaurant;car;city_center;forest_path;grocery_store;home;library;metro_station;office;park;residential_area;train;tram;Classe Predita;Classe correta;
a014_120_150.wav;0.927504;0.00786311;0.0045766;0.00432176;0.00838864;0.00933669;0.00809005;0.00529775;0.00212;0.00596462;0.00158611;0.00245695;0.00531314;0.00461106;0.0025692;beach;beach;
a014_60_90.wav;0.931778;0.00499855;0.007163;0.00288636;0.0202069;0.00423908;0.00284135;0.00532887;0.00171569;0.00340551;0.0017222;0.00437782;0.0034861;0.00398292;0.00186723;beach;beach;
a014_180_210.wav;0.925121;0.00808255;0.00566442;0.00480871;0.0131009;0.0103255;0.00442803;0.00394688;0.00203857;0.00540433;0.00172618;0.00385127;0.00473003;0.00448239;0.00228951;beach;beach;
a014_150_180.wav;0.934785;0.00815794;0.00465603;0.00386355;0.0131532;0.00594018;0.00314991;0.00434092;0.00139701;0.00437294;0.00163446;0.00303626;0.00444067;0.00489541;0.00217624;beach;beach;
a014_30_60.wav;0.930913;0.00753609;0.0067221;0.00434805;0.00791233;0.00726632;0.00394968;0.00499992;0.00209738;0.00462208;0.00183622;0.00526066;0.0056589;0.00453767;0.00233968;beach;beach;
a014_0_30.wav;0.955581;0.00459614;0.00336504;0.00249392;0.00806286;0.0038456;0.00219486;0.00374262;0.0010293;0.00280843;0.00145107;0.00178327;0.00275904;0.00461688;0.00166979;beach;beach;
a014_90_120.wav;0.954531;0.0040105;0.00360168;0.0021825;0.0117148;0.00419187;0.00188425;0.00295358;0.00103557;0.0025548;0.00130113;0.00281046;0.00297164;0.00277267;0.00148339;beach;beach;
b012_150_180.wav;0.479831;0.0352034;0.00673359;0.0245738;0.307241;0.0290852;0.0167052;0.0120364;0.0036498;0.014537;0.00391273;0.0109246;0.0306615;0.0189321;0.00597251;beach;beach;
b012_30_60.wav;0.842067;0.00573233;0.00161983;0.00205992;0.116639;0.00318087;0.00127663;0.00186039;0.000650747;0.00185596;0.00112038;0.00556926;0.0117159;0.00312246;0.0015301;beach;beach;
b012_180_210.wav;0.822371;0.00539228;0.00132275;0.00210769;0.146274;0.00210479;0.00175737;0.00148974;0.000722277;0.00301355;0.00101477;0.00170139;0.00329715;0.00576407;0.00166662;beach;beach;
b012_90_120.wav;0.949786;0.00484399;0.00236028;0.00277159;0.0104136;0.00566715;0.00175473;0.00319837;0.000876523;0.00212823;0.00147528;0.00602642;0.00366749;0.00337174;0.00165813;beach;beach;
b012_0_30.wav;0.825919;0.00469505;0.00150745;0.00156547;0.139575;0.00212205;0.00127963;0.00161447;0.000608762;0.00177458;0.00096366;0.00326721;0.0100122;0.00372534;0.0013697;beach;beach;
a026_0_30.wav;0.87812;0.0105955;0.00455115;0.00543164;0.0170345;0.0243428;0.00267793;0.00587838;0.00206056;0.00521086;0.00404469;0.0170203;0.0163534;0.00377646;0.00290174;beach;beach;
a026_30_60.wav;0.616458;0.0249532;0.00819769;0.0151755;0.0479718;0.0432024;0.00520738;0.0118298;0.00475845;0.0177818;0.00892657;0.123832;0.0563443;0.00939785;0.00596291;beach;beach;
a026_60_90.wav;0.14147;0.0149003;0.00306942;0.0136772;0.043448;0.0259783;0.00234335;0.005151;0.00191018;0.0166015;0.00564292;0.592535;0.124741;0.00532581;0.00320584;park;beach;
a026_90_120.wav;0.0574995;0.0220795;0.00281712;0.0584035;0.0835473;0.0136348;0.0029218;0.0046278;0.00182292;0.0332714;0.00565271;0.521533;0.180281;0.00728711;0.00462061;park;beach;
a026_120_150.wav;0.0289094;0.0190098;0.00230366;0.059597;0.100686;0.00659831;0.00229394;0.0032676;0.00160111;0.0201776;0.00245972;0.561972;0.178382;0.00970682;0.00303578;park;beach;
a026_150_180.wav;0.170701;0.068221;0.0158025;0.0755578;0.103302;0.0257794;0.0105079;0.01485;0.00846329;0.0317634;0.00955435;0.26211;0.167848;0.0242145;0.0113253;park;beach;
a026_180_210.wav;0.152252;0.06768;0.00755694;0.0512351;0.0483221;0.018871;0.00518291;0.0108443;0.00440554;0.0294828;0.00790996;0.347946;0.225161;0.0161862;0.00696439;park;beach;
a071_120_150.wav;0.00531556;0.165256;0.044608;0.00671204;0.00883652;0.00539852;0.160916;0.00953094;0.450054;0.0736055;0.00396286;0.00492989;0.0053495;0.0300478;0.0254767;library;bus;
a071_60_90.wav;0.00509825;0.08492;0.00838146;0.00265754;0.0206492;0.00160599;0.655096;0.00299277;0.0989563;0.0389743;0.00122185;0.00240192;0.00282073;0.0151061;0.059117;grocery_store;bus;
a071_30_60.wav;0.000497877;0.897301;0.0071739;0.00122745;0.00182296;0.000798304;0.0137974;0.0107125;0.0295815;0.00674396;0.000765885;0.000911046;0.00115078;0.0212572;0.0062581;bus;bus;
a071_150_180.wav;0.00338547;0.350717;0.0507532;0.00417118;0.00628346;0.00308239;0.0700098;0.00783385;0.137782;0.331661;0.00241024;0.00294776;0.00348921;0.0166298;0.00884358;bus;bus;
a071_90_120.wav;0.000283655;0.955148;0.009077;0.000613763;0.000869708;0.000448621;0.00337679;0.00357403;0.0101552;0.00229941;0.000560408;0.000682395;0.000739462;0.00946762;0.0027035;bus;bus;
a071_0_30.wav;0.0037833;0.339422;0.127096;0.00616345;0.00757057;0.00513476;0.105671;0.0245509;0.143136;0.0213874;0.00352508;0.00469363;0.0048163;0.169522;0.0335274;bus;bus;
b111_163_193.wav;0.00139538;0.679027;0.0161932;0.00389257;0.002;0.00352543;0.00500328;0.0889801;0.00221276;0.00797818;0.00184784;0.00301949;0.00173046;0.181081;0.00211372;bus;bus;
b111_0_30.wav;0.00106803;0.390689;0.0079167;0.0218947;0.00239912;0.00663771;0.00200178;0.0166695;0.00379136;0.0304323;0.00729998;0.0147222;0.0104915;0.474014;0.00997197;train;bus;
b111_133_163.wav;0.00115442;0.0566995;0.0178785;0.0156949;0.00300367;0.00622643;0.00317254;0.00993594;0.0102131;0.0535531;0.00494088;0.0104705;0.0102054;0.768184;0.0286671;train;bus;
b111_103_133.wav;0.00208807;0.073385;0.00338192;0.0096214;0.0040895;0.0146415;0.0116113;0.0136037;0.00335031;0.0108795;0.00437982;0.0036602;0.00715489;0.0317236;0.806429;tram;bus;
b111_43_73.wav;0.000819965;0.412991;0.019926;0.0119415;0.00137354;0.00402127;0.00248693;0.0344811;0.00476187;0.0106247;0.00332734;0.00731784;0.00687792;0.473834;0.00521531;train;bus;
b111_193_223.wav;0.00163569;0.784263;0.00250498;0.0798436;0.00573125;0.00492317;0.00131412;0.00661505;0.00151418;0.0263147;0.00386096;0.0133231;0.0163474;0.0443648;0.00744371;bus;bus;
b111_73_103.wav;0.000500828;0.0911669;0.00797791;0.00346191;0.000554672;0.00224697;0.00214548;0.0149097;0.00377223;0.0108975;0.00165399;0.00200875;0.00120047;0.853284;0.00421865;train;bus;
a045_120_150.wav;0.000128697;0.989493;0.00131787;0.000619594;0.000246258;0.000248524;0.000966515;0.00127411;0.000490505;0.000677547;0.000546823;0.000221;0.000237595;0.00270933;0.00082226;bus;bus;
a045_60_90.wav;0.000232537;0.962818;0.00418056;0.00117794;0.00124532;0.000446723;0.00163752;0.00214698;0.00211678;0.00138245;0.000551959;0.000432785;0.00122397;0.0161525;0.00425369;bus;bus;
a045_0_30.wav;0.000507164;0.976107;0.000889544;0.00181036;0.000742842;0.00166772;0.000693986;0.00547726;0.0011105;0.0015739;0.000835551;0.001248;0.00125722;0.00397113;0.00210795;bus;bus;
a045_90_120.wav;0.000314017;0.940254;0.0187176;0.000731475;0.000841582;0.000471514;0.00215907;0.00281435;0.00517171;0.00730741;0.000587779;0.000748062;0.00104594;0.0122913;0.00654395;bus;bus;
a045_30_60.wav;0.000478442;0.941624;0.00498867;0.00124407;0.00106048;0.000715832;0.00258352;0.00253065;0.00557282;0.00711676;0.0007319;0.000829509;0.00081131;0.0230591;0.00665297;bus;bus;
a045_150_180.wav;0.000495849;0.921514;0.00115414;0.00328538;0.00371573;0.000817765;0.00203308;0.00452018;0.0026129;0.00292965;0.000907904;0.000506687;0.00124453;0.0520214;0.00224059;bus;bus;
a126_120_150.wav;0.00456188;0.24078;0.478955;0.00849448;0.00582124;0.00869267;0.0530065;0.0614345;0.0167404;0.0146007;0.00386814;0.00546634;0.00497669;0.0192701;0.0733309;cafe/restaurant;cafe/restaurant;
a126_60_90.wav;0.00157532;0.00509585;0.95444;0.00249598;0.00179023;0.00262515;0.012984;0.00396528;0.00142335;0.00268383;0.00139002;0.00216834;0.00168444;0.0044624;0.00121563;cafe/restaurant;cafe/restaurant;
a126_30_60.wav;0.00763961;0.568783;0.201688;0.0211258;0.0109297;0.0224011;0.0241144;0.0382475;0.0112506;0.0409443;0.00447465;0.00875776;0.00709272;0.0266941;0.00585661;bus;cafe/restaurant;
a126_180_210.wav;0.00131162;0.00367046;0.966308;0.00184498;0.00139601;0.00193476;0.0075805;0.00503604;0.00123354;0.00220703;0.00112101;0.00180249;0.00135562;0.00219096;0.00100663;cafe/restaurant;cafe/restaurant;
a126_90_120.wav;0.00518902;0.0966144;0.536085;0.00916326;0.00622058;0.00919025;0.120919;0.0275129;0.0202256;0.0172369;0.00441551;0.00615449;0.00544048;0.0180306;0.117602;cafe/restaurant;cafe/restaurant;
a126_210_240.wav;0.0043748;0.0155852;0.871227;0.0123421;0.0056182;0.0125636;0.0176267;0.0191043;0.00333706;0.0126806;0.00278758;0.00517551;0.00365621;0.0102912;0.00362968;cafe/restaurant;cafe/restaurant;
a107_90_120.wav;0.0019268;0.0107789;0.695853;0.00264416;0.00319234;0.00239935;0.0428291;0.0445466;0.0676286;0.0187175;0.00189876;0.00222709;0.00222901;0.0986101;0.00451887;cafe/restaurant;cafe/restaurant;
a107_270_300.wav;0.0125267;0.37949;0.120265;0.0540149;0.0192182;0.0543462;0.0321537;0.187468;0.00915742;0.0324717;0.00717304;0.0138111;0.0106126;0.0563449;0.0109465;bus;cafe/restaurant;
a107_60_90.wav;0.00120101;0.00759047;0.826338;0.00164199;0.00203661;0.00144207;0.0321539;0.0222118;0.029232;0.0135576;0.00141205;0.00158136;0.00162616;0.0515688;0.00640619;cafe/restaurant;cafe/restaurant;
a107_210_240.wav;0.0104869;0.0774282;0.547848;0.0350519;0.0146259;0.0338581;0.133482;0.0318276;0.00853461;0.0419836;0.00635535;0.0117373;0.0086872;0.028605;0.0094884;cafe/restaurant;cafe/restaurant;
a107_120_150.wav;0.00463965;0.0523795;0.297287;0.00486322;0.00599301;0.00469707;0.116564;0.0304744;0.182167;0.277679;0.00309902;0.00375286;0.00414231;0.00770461;0.00455632;cafe/restaurant;cafe/restaurant;
a107_240_270.wav;0.0149147;0.12167;0.28198;0.0681791;0.0229131;0.0653768;0.188127;0.0808367;0.00999823;0.0509246;0.00855361;0.016191;0.0118518;0.0461939;0.0122897;cafe/restaurant;cafe/restaurant;
a107_180_210.wav;0.0015712;0.0215598;0.88262;0.00290009;0.00195246;0.00268481;0.0138532;0.0132166;0.00836763;0.014842;0.00158488;0.00212796;0.00157449;0.0294706;0.00167458;cafe/restaurant;cafe/restaurant;
a107_150_180.wav;0.00126131;0.013655;0.0261506;0.00161228;0.00132826;0.00117153;0.0794321;0.00622935;0.840809;0.0110287;0.00116319;0.00187568;0.00110724;0.0110332;0.00214257;library;cafe/restaurant;
a107_30_60.wav;0.00397933;0.621025;0.190808;0.00726991;0.0053976;0.00719931;0.00929192;0.0108503;0.00452951;0.109322;0.0027633;0.00464461;0.00370736;0.0156546;0.00355693;bus;cafe/restaurant;
b056_180_210.wav;0.0120807;0.00990359;0.342841;0.00904505;0.0115105;0.0113305;0.131714;0.213999;0.0925856;0.110448;0.00595266;0.0107663;0.0112234;0.0131803;0.0134188;cafe/restaurant;cafe/restaurant;
b056_90_120.wav;0.00716002;0.00820887;0.511179;0.00892684;0.00784637;0.00992023;0.0997701;0.232853;0.0338748;0.0374395;0.00506513;0.00724819;0.00652086;0.0136938;0.010294;cafe/restaurant;cafe/restaurant;
b056_150_180.wav;0.00317334;0.00195849;0.0895312;0.00204942;0.00388265;0.00370527;0.72892;0.0987057;0.016703;0.0347128;0.00167187;0.00495233;0.00480904;0.00188882;0.00333549;grocery_store;cafe/restaurant;
b056_60_90.wav;0.0040665;0.00353015;0.0590817;0.00339966;0.00373599;0.00578154;0.114483;0.72506;0.0362583;0.0171871;0.00221492;0.00941723;0.0062073;0.00525385;0.0043227;home;cafe/restaurant;
b056_0_30.wav;0.00770413;0.00411387;0.173028;0.00458924;0.0051767;0.00646343;0.602231;0.116992;0.0240363;0.0306568;0.00251436;0.00971948;0.00423004;0.0042667;0.00427883;grocery_store;cafe/restaurant;
b056_120_150.wav;0.00336439;0.00295011;0.0353681;0.00309754;0.00299835;0.00706902;0.0515241;0.849421;0.00982033;0.00976097;0.00189269;0.011636;0.00411689;0.00358166;0.00339923;home;cafe/restaurant;
b088_60_90.wav;0.0192597;0.120038;0.00688404;0.690095;0.0121908;0.0257565;0.00850779;0.0161639;0.00443524;0.0449368;0.00488713;0.00704521;0.00523155;0.0177857;0.0167823;car;car;
b088_180_210.wav;0.0315553;0.131068;0.00802483;0.622474;0.015098;0.0324341;0.00994632;0.0187844;0.00515081;0.0568771;0.00595688;0.00797968;0.00600894;0.0203631;0.0282781;car;car;
b088_90_120.wav;0.0204922;0.0908449;0.00433502;0.766917;0.00945529;0.015337;0.00549351;0.00920565;0.00297694;0.0244467;0.00341899;0.00461524;0.00336101;0.0114281;0.0276727;car;car;
b088_0_30.wav;0.02883;0.169109;0.00474325;0.658789;0.00996891;0.0169203;0.00600538;0.00986235;0.00333678;0.0286023;0.00468078;0.00526511;0.00403125;0.0127498;0.0371053;car;car;
b088_150_180.wav;0.0378334;0.130154;0.00665667;0.638291;0.0131969;0.0282888;0.00834938;0.0150671;0.0043783;0.0505975;0.00572786;0.00683908;0.00517317;0.0174031;0.0320438;car;car;
b088_210_240.wav;0.0246422;0.139873;0.00633402;0.636735;0.0116367;0.0195053;0.00802057;0.0134776;0.00433769;0.0525971;0.00535201;0.00645124;0.00502443;0.015718;0.0502945;car;car;
b055_137_167.wav;0.0203089;0.0664417;0.00434709;0.620984;0.134525;0.0192365;0.00538715;0.00978649;0.00337228;0.0169785;0.00424678;0.0184019;0.032822;0.0285323;0.0146298;car;car;
b055_107_137.wav;0.0188154;0.0621142;0.00349137;0.740907;0.0540283;0.0106494;0.0042155;0.00799335;0.00252984;0.0109658;0.00337555;0.00830977;0.0355146;0.0278486;0.00924107;car;car;
b055_60_90.wav;0.0156335;0.0700434;0.00461146;0.18365;0.586505;0.00832569;0.00468195;0.00777636;0.00290403;0.00789772;0.00303868;0.00934955;0.0244067;0.0643621;0.0068135;city_center;car;
b055_0_30.wav;0.00758517;0.0160693;0.0033763;0.888758;0.0137416;0.0128942;0.00417799;0.00787607;0.00207099;0.0147719;0.00271206;0.00515557;0.00372319;0.011529;0.00555909;car;car;
b055_30_60.wav;0.00582952;0.0485986;0.00280111;0.692435;0.178542;0.00522198;0.00225867;0.00389686;0.00191061;0.00479681;0.0018913;0.00848579;0.0093606;0.0312228;0.0027486;car;car;
b089_30_60.wav;0.0146918;0.013445;0.00237281;0.877898;0.0081312;0.00931134;0.0031146;0.00421368;0.00169432;0.0251847;0.00437191;0.00987701;0.00487895;0.00658649;0.0142283;car;car;
b089_0_30.wav;0.0766154;0.0279536;0.00340121;0.733456;0.0162427;0.0207075;0.00429557;0.00584666;0.00262671;0.0307642;0.00935783;0.0237219;0.0109003;0.010594;0.0235169;car;car;
b089_150_180.wav;0.00978427;0.0482995;0.00851515;0.781462;0.0135699;0.0289358;0.0103674;0.0233543;0.00447625;0.0201898;0.00496853;0.00892662;0.00638034;0.0218856;0.00888412;car;car;
b089_120_150.wav;0.00639316;0.0104441;0.00350036;0.917997;0.00735295;0.00906637;0.00440242;0.00743193;0.00187401;0.00826242;0.00289763;0.00512522;0.00304586;0.00704916;0.00515699;car;car;
b089_60_90.wav;0.00302719;0.027581;0.00178908;0.931082;0.00373792;0.00381274;0.00230039;0.00329909;0.00129947;0.00931004;0.00138493;0.00243827;0.00161511;0.00407124;0.00325196;car;car;
b089_90_120.wav;0.0158149;0.0301556;0.00225014;0.896218;0.00552694;0.0065525;0.00288027;0.00413324;0.00165021;0.00946973;0.00244712;0.00356169;0.00206981;0.00490769;0.0123624;car;car;
b089_210_240.wav;0.00238357;0.0154401;0.0024842;0.938769;0.00509183;0.00402404;0.00314885;0.00497439;0.00164782;0.00564111;0.00147042;0.00291697;0.0020878;0.00560426;0.00431605;car;car;
b089_180_210.wav;0.0139653;0.0739029;0.0165478;0.576269;0.0249254;0.0746542;0.0195951;0.051329;0.00858861;0.0478251;0.00774413;0.0152303;0.0108417;0.0467147;0.0118665;car;car;
b092_180_210.wav;0.0058369;0.00243861;0.00635295;0.00919938;0.583267;0.0129308;0.0033874;0.00549651;0.0121571;0.322039;0.00149019;0.0105795;0.0179983;0.00493723;0.00188946;city_center;city_center;
b092_120_150.wav;0.000380796;0.000516491;0.000580122;0.00345556;0.987411;0.000658851;0.000426488;0.000525946;0.000454581;0.000897089;0.000508676;0.00150803;0.00101905;0.00120528;0.000452066;city_center;city_center;
b092_0_30.wav;0.00118819;0.000711879;0.000653033;0.00297073;0.946062;0.0032734;0.000893392;0.00144093;0.00327536;0.0232636;0.000800841;0.00181408;0.00843975;0.00431264;0.000900168;city_center;city_center;
b092_150_180.wav;0.000578188;0.000381814;0.000578784;0.00194114;0.974033;0.00385543;0.000604521;0.000840235;0.00300353;0.00356625;0.000606524;0.00218206;0.00303468;0.00411876;0.000675083;city_center;city_center;
b092_90_120.wav;0.00307448;0.00171011;0.00142107;0.00692627;0.834634;0.0064667;0.00126621;0.00549017;0.0117802;0.0990013;0.000806905;0.0031282;0.018593;0.0046645;0.00103648;city_center;city_center;
b092_30_60.wav;0.000384088;0.000299681;0.00122905;0.00106983;0.979888;0.00342589;0.000468344;0.000467623;0.00074165;0.00151378;0.000525808;0.00627811;0.00195095;0.00120376;0.000553539;city_center;city_center;
b092_60_90.wav;0.000624957;0.000489345;0.000653633;0.00172154;0.978461;0.00361903;0.000713643;0.000757466;0.000930385;0.00164292;0.000689243;0.00167064;0.00160801;0.00561328;0.000804943;city_center;city_center;
b100_0_30.wav;0.0171931;0.0328563;0.00590864;0.0217501;0.160737;0.051281;0.0228561;0.0201996;0.00656891;0.0352902;0.00566651;0.0160034;0.133767;0.310969;0.158954;train;city_center;
b100_120_150.wav;0.11389;0.0118894;0.0022302;0.00364293;0.591727;0.0118696;0.00561146;0.00532958;0.00152831;0.00665644;0.00152949;0.00645796;0.208489;0.0214309;0.00771677;city_center;city_center;
b100_150_180.wav;0.0695489;0.0367928;0.00573384;0.0290825;0.494986;0.0408252;0.0147752;0.0148282;0.0043883;0.0183148;0.00461029;0.0136245;0.0976968;0.124955;0.0298374;city_center;city_center;
b100_90_120.wav;0.42808;0.0220352;0.00368793;0.0127881;0.362614;0.0270391;0.00581284;0.00908504;0.00236968;0.00996399;0.0028188;0.00736108;0.0590491;0.0364653;0.0108296;beach;city_center;
b100_60_90.wav;0.0588258;0.0376403;0.00734882;0.0491996;0.208004;0.141524;0.0100323;0.014122;0.00723717;0.057301;0.00871501;0.041812;0.251969;0.0688156;0.0374539;residential_area;city_center;
b100_30_60.wav;0.00479379;0.00251572;0.000738038;0.00123519;0.934795;0.00210632;0.00264251;0.00416731;0.000588205;0.00178775;0.00053206;0.00126248;0.0142746;0.0246715;0.00388962;city_center;city_center;
a005_90_120.wav;0.00458563;0.00579125;0.00357973;0.00288606;0.837075;0.00360171;0.00363028;0.00863049;0.00298956;0.0108869;0.000961821;0.00202151;0.0457928;0.0654583;0.0021089;city_center;city_center;
a005_210_240.wav;0.00639649;0.0064187;0.00385615;0.0033355;0.913663;0.00340227;0.00202323;0.00320173;0.00274135;0.00938416;0.000929303;0.0027161;0.0108452;0.0297697;0.00131751;city_center;city_center;
a005_30_60.wav;0.0163797;0.0173588;0.00763428;0.0624878;0.19741;0.0145931;0.0099117;0.00907824;0.0663494;0.516905;0.00348537;0.0146882;0.043908;0.0161567;0.00365294;metro_station;city_center;
a005_0_30.wav;0.00753175;0.00780901;0.00321198;0.0411732;0.125763;0.00704369;0.00712863;0.00447275;0.0957727;0.651755;0.00211771;0.00784903;0.0260289;0.0101927;0.00214936;metro_station;city_center;
a005_150_180.wav;0.00673936;0.0189346;0.0030335;0.0196773;0.815873;0.0113687;0.0031659;0.00512259;0.00863326;0.032977;0.00162373;0.00968483;0.0275933;0.0335708;0.00200234;city_center;city_center;
a005_60_90.wav;0.00143281;0.000607746;0.00107448;0.00157993;0.961346;0.00288291;0.000664408;0.000900984;0.00142435;0.0037782;0.000638658;0.0132789;0.00720707;0.00237185;0.00081199;city_center;city_center;
a068_0_30.wav;0.01533;0.0157503;0.0274374;0.0197397;0.0113818;0.828136;0.00886865;0.0166596;0.00475272;0.013126;0.00467729;0.00872581;0.00795028;0.0132787;0.00418533;forest_path;forest_path;
a068_90_120.wav;0.00520991;0.00699886;0.00807438;0.0088663;0.00543776;0.924928;0.00417372;0.00794983;0.00230616;0.00625176;0.00313574;0.00406922;0.00393305;0.00646293;0.00220243;forest_path;forest_path;
a068_150_180.wav;0.00390419;0.00697486;0.0079728;0.00902518;0.00535948;0.926972;0.00418551;0.00818688;0.00229344;0.00633623;0.00320274;0.00342109;0.00332108;0.0066196;0.00222445;forest_path;forest_path;
a068_30_60.wav;0.00482642;0.0079539;0.00527242;0.0105678;0.00614561;0.919792;0.00464209;0.00935153;0.00247997;0.00759886;0.00351592;0.00409651;0.00347824;0.00775069;0.00252819;forest_path;forest_path;
a068_60_90.wav;0.0064958;0.0093302;0.00977809;0.0121742;0.00712866;0.902974;0.00531984;0.0106878;0.00283322;0.00854083;0.00372994;0.00498139;0.00445904;0.00873477;0.00283181;forest_path;forest_path;
a068_120_150.wav;0.00654645;0.00928962;0.0166203;0.0117888;0.00669532;0.897437;0.00549095;0.0104673;0.00299699;0.00796009;0.00357045;0.00490607;0.00514712;0.00834841;0.00273539;forest_path;forest_path;
a043_90_120.wav;0.123005;0.00179529;0.00121761;0.0014982;0.00197162;0.751818;0.00176747;0.00203476;0.00197537;0.0018528;0.00170425;0.0363219;0.0702422;0.0017055;0.0010895;forest_path;forest_path;
a043_0_30.wav;0.126162;0.00695092;0.00388178;0.00516644;0.00752098;0.506292;0.00469662;0.00559945;0.00464371;0.00661136;0.0032152;0.168398;0.143189;0.00498234;0.00268973;forest_path;forest_path;
a043_150_180.wav;0.0535201;0.00919508;0.00414621;0.00726122;0.00919386;0.448998;0.00492728;0.00634359;0.0061373;0.0111024;0.00457093;0.254641;0.169432;0.00722105;0.00330944;forest_path;forest_path;
a043_120_150.wav;0.0374598;0.00379736;0.00144816;0.00283324;0.00244571;0.0512442;0.00191099;0.0028693;0.00189954;0.00567982;0.00223203;0.69109;0.190529;0.00312437;0.00143593;park;forest_path;
a043_30_60.wav;0.173556;0.0150955;0.00784247;0.0127194;0.0147482;0.204209;0.00946463;0.0124102;0.0121107;0.01604;0.00615599;0.146797;0.351752;0.0113518;0.00574751;residential_area;forest_path;
a043_60_90.wav;0.00393254;0.0015108;0.000789942;0.00137251;0.00121962;0.0342059;0.00107407;0.00183885;0.000995465;0.00243758;0.00123102;0.903549;0.042851;0.00199685;0.00099481;park;forest_path;
a058_60_90.wav;0.0152405;0.00565202;0.00363971;0.00583233;0.00636867;0.417872;0.00401459;0.00575605;0.0033946;0.011947;0.369761;0.0901811;0.0515957;0.00538938;0.0033557;forest_path;forest_path;
a058_30_60.wav;0.0142776;0.00634651;0.00404243;0.00679218;0.00659347;0.372923;0.00447403;0.00649357;0.00374376;0.0124326;0.407239;0.0993335;0.0456117;0.00595922;0.0037378;office;forest_path;
a058_120_150.wav;0.0210609;0.00331726;0.0022956;0.00445942;0.00554326;0.658154;0.0024964;0.00360995;0.00210675;0.00757123;0.220887;0.0481353;0.0148689;0.00337063;0.00212383;forest_path;forest_path;
a058_150_180.wav;0.00349368;0.000916703;0.00102019;0.00101063;0.00275351;0.953985;0.000995007;0.00106793;0.000931839;0.0013822;0.0226201;0.00611203;0.00184449;0.00110265;0.000764098;forest_path;forest_path;
a058_0_30.wav;0.00993771;0.00575291;0.00398396;0.00639527;0.0058343;0.607715;0.00445143;0.00616631;0.00431819;0.0166147;0.213521;0.0783736;0.0276526;0.00551742;0.00376549;forest_path;forest_path;
a058_90_120.wav;0.015885;0.00276491;0.00238306;0.00357827;0.00410464;0.814463;0.00257614;0.00418503;0.00208968;0.00509081;0.0982322;0.0329123;0.00713287;0.00296839;0.00163356;forest_path;forest_path;
a050_150_180.wav;0.000992137;0.00690584;0.00304292;0.00350831;0.00227804;0.00958653;0.9487;0.00321383;0.00448636;0.00545973;0.00118248;0.00355488;0.00209144;0.00362509;0.00137272;grocery_store;grocery_store;
a050_0_30.wav;0.00191384;0.0158361;0.16872;0.00163055;0.00247286;0.00192544;0.574097;0.0356973;0.139432;0.0184128;0.00129485;0.00205594;0.00171197;0.0300797;0.00471935;grocery_store;grocery_store;
a050_120_150.wav;0.00463255;0.0678751;0.0196385;0.0171501;0.0164912;0.00939898;0.68929;0.0222814;0.0669337;0.0333387;0.00248845;0.0125864;0.0265744;0.0080925;0.00322839;grocery_store;grocery_store;
a050_90_120.wav;0.0018367;0.0284422;0.235309;0.00231999;0.0031166;0.00233226;0.184553;0.041128;0.437508;0.0206381;0.00167293;0.00232937;0.00288556;0.0305787;0.00534851;library;grocery_store;
a050_60_90.wav;0.00196883;0.0114466;0.00512802;0.0051673;0.00324199;0.0353397;0.877946;0.0120048;0.00916793;0.0143214;0.00207314;0.00918956;0.00387631;0.00650449;0.00262363;grocery_store;grocery_store;
a050_30_60.wav;0.00110236;0.00480215;0.00505969;0.00277224;0.00200849;0.00333652;0.947875;0.00628777;0.0064394;0.0103443;0.0015488;0.00213597;0.0011885;0.00336069;0.00173831;grocery_store;grocery_store;
b086_60_90.wav;0.00250569;0.00285847;0.0548904;0.0026806;0.00305483;0.00216474;0.739603;0.00346869;0.0308065;0.0254989;0.00166696;0.00239086;0.00176994;0.00996564;0.116675;grocery_store;grocery_store;
b086_180_210.wav;0.00607287;0.00177709;0.00600782;0.00131779;0.00646294;0.000953097;0.417771;0.00207196;0.0106481;0.518824;0.00113436;0.00174867;0.00128411;0.00325928;0.020666;metro_station;grocery_store;
b086_0_30.wav;0.00349991;0.00567873;0.103892;0.00381126;0.0163564;0.00297547;0.227557;0.00692108;0.0383655;0.506967;0.00221718;0.00262322;0.00380156;0.0251347;0.0501987;metro_station;grocery_store;
b086_150_180.wav;0.00372873;0.00934112;0.0273872;0.00296684;0.0220843;0.0028986;0.307478;0.00870035;0.055431;0.30141;0.00225186;0.00328004;0.0062843;0.0268278;0.21993;grocery_store;grocery_store;
b086_90_120.wav;0.0043881;0.00198148;0.0182642;0.00123944;0.0102702;0.00122073;0.160636;0.00345169;0.0382859;0.702923;0.00103342;0.00184155;0.0023451;0.0189551;0.0331638;metro_station;grocery_store;
b086_30_60.wav;0.00101919;0.0024067;0.0122743;0.0014228;0.00190256;0.00131296;0.645697;0.00465765;0.0258929;0.00752248;0.000989813;0.00165747;0.00131799;0.0203156;0.27161;grocery_store;grocery_store;
b086_210_240.wav;0.000950755;0.00203969;0.0796421;0.000811725;0.00303445;0.000665162;0.0597377;0.00330293;0.0304377;0.777925;0.000842723;0.00133483;0.00157981;0.00650437;0.0311908;metro_station;grocery_store;
b086_120_150.wav;0.015205;0.01278;0.018152;0.0161785;0.0336685;0.0149516;0.386528;0.0160714;0.0294449;0.0572125;0.00490243;0.0095973;0.00754429;0.249791;0.127973;grocery_store;grocery_store;
a116_0_30.wav;0.000560267;0.00285281;0.00613258;0.000863134;0.00141656;0.000983218;0.942385;0.0022359;0.0100765;0.0136055;0.0007931;0.001015;0.0010874;0.00155345;0.0144396;grocery_store;grocery_store;
a116_108_138.wav;0.00661724;0.00178309;0.249595;0.00146646;0.00392929;0.00255104;0.0321495;0.0218287;0.0242992;0.638806;0.0015088;0.0058691;0.00374604;0.0027584;0.00309148;metro_station;grocery_store;
a116_138_168.wav;0.000338888;0.000283143;0.00670116;0.000249461;0.000577744;0.000320726;0.972327;0.00124838;0.00500086;0.00527252;0.000469725;0.000732023;0.000496998;0.000648268;0.00533321;grocery_store;grocery_store;
a116_78_108.wav;0.00310153;0.00197299;0.167627;0.00181584;0.00282319;0.00207607;0.195866;0.0108224;0.0481649;0.548693;0.00164726;0.00311655;0.00250433;0.00420811;0.00556124;metro_station;grocery_store;
a116_48_78.wav;0.00249041;0.00339051;0.228177;0.00145997;0.00618025;0.00172782;0.484486;0.0101282;0.0296318;0.214696;0.00138164;0.0031161;0.00412505;0.00238494;0.00662408;grocery_store;grocery_store;
a034_0_30.wav;0.00791115;0.019771;0.00841724;0.0278022;0.0116979;0.0475945;0.00998162;0.777822;0.00525736;0.0284864;0.0073626;0.0104761;0.00624042;0.0238593;0.00732027;home;home;
a034_150_180.wav;0.00214709;0.0114181;0.0447468;0.00390207;0.00245482;0.0367397;0.00590073;0.712268;0.0350757;0.043123;0.0132669;0.0143343;0.0132075;0.0529189;0.00849652;home;home;
a034_90_120.wav;0.00206047;0.00763796;0.0103226;0.0043239;0.0023966;0.046536;0.00771243;0.830206;0.024492;0.0100059;0.019083;0.0102005;0.00431376;0.0161846;0.00452471;home;home;
a034_30_60.wav;0.010415;0.027629;0.0121492;0.0407027;0.0155177;0.0720611;0.014184;0.69115;0.00788616;0.0416581;0.00718691;0.0127603;0.00790933;0.0298185;0.00897201;home;home;
a034_60_90.wav;0.0203727;0.065086;0.0232878;0.116451;0.0332333;0.145858;0.0276947;0.36102;0.0118913;0.069185;0.0102824;0.0198971;0.0140593;0.0676267;0.0140544;home;home;
a034_120_150.wav;0.0076387;0.0218364;0.0167917;0.0177244;0.00989525;0.131409;0.0270099;0.377385;0.133113;0.0430532;0.135995;0.0269769;0.0117157;0.0283336;0.0111219;home;home;
a038_30_60.wav;0.0237482;0.00747374;0.139038;0.00425764;0.00941989;0.00608993;0.424188;0.0631751;0.148281;0.142293;0.00311161;0.00719616;0.0056345;0.00835855;0.00773547;grocery_store;home;
a038_120_150.wav;0.0101523;0.0200582;0.0151947;0.0189366;0.0123494;0.154527;0.0463414;0.127399;0.32446;0.0990059;0.045999;0.072959;0.0139047;0.020799;0.0179127;library;home;
a038_90_120.wav;0.00900983;0.0316355;0.0132111;0.0161863;0.0123984;0.152807;0.117774;0.444836;0.0354703;0.0404309;0.00884732;0.0394758;0.00865337;0.039054;0.0302094;home;home;
a038_0_30.wav;0.0103252;0.0226151;0.0202033;0.0169317;0.0134716;0.200943;0.126412;0.29371;0.0682665;0.0583247;0.0127938;0.0520641;0.00895072;0.0495694;0.045418;home;home;
a038_60_90.wav;0.0140603;0.00279186;0.00806915;0.00270959;0.00251337;0.00367429;0.916546;0.0110168;0.0130207;0.00809051;0.00174252;0.00430942;0.00154424;0.00390113;0.00601021;grocery_store;home;
a038_150_180.wav;0.00871041;0.0234194;0.00994226;0.0277772;0.0128309;0.093564;0.0144008;0.661652;0.00974553;0.0621373;0.0128415;0.0148442;0.0070917;0.0266342;0.0144087;home;home;
b029_90_120.wav;0.00465664;0.00170774;0.00490754;0.00213137;0.00449394;0.027219;0.0105321;0.103906;0.809501;0.00515916;0.00234878;0.00979029;0.00713576;0.00436927;0.00214162;library;home;
b029_120_150.wav;0.00368423;0.0026897;0.0115559;0.00352201;0.0029015;0.0100035;0.019512;0.863504;0.0381402;0.00779679;0.00223564;0.0212776;0.00342777;0.00667264;0.00307595;home;home;
b029_180_210.wav;0.0128808;0.0354422;0.0154877;0.0698832;0.0271219;0.307923;0.05629;0.0588334;0.220181;0.0703847;0.0096402;0.025787;0.0154709;0.0637407;0.0109336;forest_path;home;
b029_150_180.wav;0.00429944;0.0101667;0.00842727;0.0113927;0.00546395;0.023353;0.0144302;0.870126;0.00994394;0.00829846;0.00333314;0.0130616;0.00442653;0.00904849;0.00422844;home;home;
b029_210_240.wav;0.00887581;0.0197293;0.00764515;0.0257005;0.0147005;0.210783;0.0367168;0.0598261;0.514205;0.0219113;0.00640566;0.0218212;0.0149267;0.0298709;0.00688267;library;home;
b029_0_30.wav;0.00216631;0.00242665;0.00249754;0.00280248;0.00239656;0.0201955;0.0103045;0.0654269;0.868686;0.00328387;0.00231483;0.00503164;0.00489996;0.0054527;0.00211442;library;home;
b029_60_90.wav;0.00613666;0.00490424;0.0114063;0.00760012;0.00472466;0.0184447;0.0181158;0.167113;0.710119;0.0112953;0.00325648;0.01754;0.00578956;0.010104;0.00345014;library;home;
b029_30_60.wav;0.00163369;0.00245546;0.00720144;0.00267935;0.00260153;0.0176431;0.0094544;0.651967;0.277121;0.00385444;0.00174819;0.00606025;0.00365377;0.0100752;0.00185198;home;home;
b035_0_30.wav;0.00337968;0.00677081;0.00195906;0.00517119;0.0130463;0.056543;0.00614119;0.0618958;0.81247;0.00602446;0.00201815;0.00725518;0.00906607;0.00609055;0.00216881;library;library;
b035_60_90.wav;0.00636003;0.0124423;0.00396723;0.00630259;0.0182801;0.312616;0.00722593;0.0268864;0.518462;0.00565792;0.00249244;0.0332253;0.0354574;0.00811418;0.00251006;library;library;
b035_30_60.wav;0.0106684;0.0147974;0.00695568;0.00540799;0.0394679;0.11051;0.0113161;0.176506;0.529859;0.011415;0.00268816;0.01648;0.0499025;0.0103882;0.00363711;library;library;
b035_150_180.wav;0.00220017;0.00596518;0.0020857;0.00697868;0.00668012;0.046518;0.00769006;0.0226363;0.87602;0.00363978;0.00182263;0.00535421;0.00577935;0.00473888;0.0018906;library;library;
b035_180_210.wav;0.00553154;0.0231072;0.00640958;0.0204904;0.0321769;0.0952987;0.0110453;0.183298;0.558842;0.00860598;0.00308006;0.0112122;0.0223375;0.0140312;0.00453355;library;library;
b035_90_120.wav;0.00433556;0.0177513;0.0290764;0.00281673;0.0228834;0.0148798;0.0269331;0.448952;0.291513;0.0187144;0.00184045;0.00914358;0.0553568;0.0376677;0.0181359;home;library;
b035_120_150.wav;0.0180495;0.0392524;0.021363;0.0150535;0.099726;0.152257;0.0309176;0.179765;0.18203;0.0270124;0.0065246;0.0258749;0.113616;0.0754175;0.0131402;library;library;
b042_120_150.wav;0.00207654;0.00333365;0.00403691;0.00191094;0.00705653;0.00803091;0.00474748;0.127616;0.81309;0.00424456;0.00125674;0.00433188;0.0125336;0.00332437;0.0024101;library;library;
b042_90_120.wav;0.00211347;0.00355276;0.000958814;0.00818112;0.00669997;0.0205866;0.00366809;0.00764836;0.919816;0.00725671;0.00165935;0.00559074;0.00582081;0.00473734;0.00170992;library;library;
b042_180_210.wav;0.00270395;0.00503883;0.0017597;0.0116725;0.00614752;0.0234673;0.00677711;0.0119221;0.897886;0.00946268;0.00212681;0.0059015;0.00576833;0.00700879;0.00235682;library;library;
b042_60_90.wav;0.00314613;0.00470884;0.00235498;0.0244902;0.0135612;0.0172997;0.00595348;0.00944315;0.878813;0.0131274;0.00228641;0.00636424;0.00616303;0.00964284;0.00264567;library;library;
b042_0_30.wav;0.00145457;0.00198569;0.000675863;0.00374916;0.00399432;0.00806626;0.00263166;0.00546202;0.953454;0.00351269;0.00145935;0.00328425;0.00561006;0.00322876;0.00143182;library;library;
b042_210_240.wav;0.00343475;0.00519114;0.00207058;0.0137819;0.0100889;0.0312927;0.00814714;0.0151329;0.872555;0.0106851;0.00228896;0.00781167;0.00706641;0.00789851;0.00255427;library;library;
b042_30_60.wav;0.00425877;0.00664146;0.00346807;0.0153034;0.0101262;0.0290338;0.0111364;0.0140105;0.852839;0.0151364;0.00286467;0.0115394;0.00847256;0.011854;0.00331593;library;library;
b049_120_150.wav;0.00883669;0.0554597;0.0118404;0.0143561;0.0104854;0.207959;0.0149651;0.0496724;0.104952;0.136874;0.223301;0.0367956;0.030523;0.0423969;0.0515833;office;library;
b049_150_180.wav;0.00308469;0.022408;0.00441489;0.0059352;0.00343441;0.0174678;0.00362862;0.0216548;0.0340036;0.0196294;0.784444;0.0271273;0.00882453;0.037796;0.00614684;office;library;
b049_0_30.wav;0.00363777;0.0131395;0.034379;0.00428082;0.00467657;0.0206655;0.0223851;0.0342953;0.583114;0.138237;0.0161837;0.0303566;0.0138017;0.0331135;0.0477341;library;library;
b049_90_120.wav;0.00621384;0.0335714;0.00996954;0.0117291;0.00827733;0.10755;0.0217712;0.0447984;0.0898389;0.323951;0.12901;0.0128713;0.0148775;0.0421906;0.14338;metro_station;library;
b049_30_60.wav;0.00779416;0.048049;0.0353334;0.00973463;0.0114103;0.0940634;0.0162183;0.0507907;0.164108;0.207841;0.0265964;0.107834;0.0793049;0.0969208;0.0440012;metro_station;library;
b049_60_90.wav;0.0083695;0.0481385;0.014319;0.022032;0.0135349;0.129132;0.0423443;0.227803;0.015578;0.0997587;0.0214202;0.0129356;0.0132385;0.0530118;0.278384;tram;library;
b072_120_150.wav;0.00146659;0.00737252;0.0276762;0.00371354;0.00934978;0.00213579;0.0309567;0.00337213;0.0219946;0.678816;0.00129069;0.00357328;0.00749533;0.142899;0.0578879;metro_station;metro_station;
b072_60_90.wav;0.00202069;0.0419733;0.010435;0.00968992;0.00428381;0.0207778;0.00830078;0.0407229;0.0581192;0.119477;0.0142382;0.00876866;0.00988431;0.528927;0.122382;train;metro_station;
b072_210_240.wav;0.00183629;0.0757922;0.0116223;0.161596;0.00662127;0.00617491;0.00566295;0.0075602;0.00600047;0.126568;0.00238318;0.0135108;0.0312916;0.538142;0.00523771;train;metro_station;
b072_180_210.wav;0.00379483;0.336851;0.163568;0.0205633;0.0285106;0.0121358;0.00808897;0.0376188;0.013227;0.0308355;0.00234654;0.0103292;0.0821118;0.240115;0.00990448;bus;metro_station;
b072_270_300.wav;0.00157776;0.0512215;0.142783;0.020742;0.00486066;0.00334561;0.041631;0.00990778;0.0322216;0.482055;0.00210978;0.00373043;0.0096858;0.182239;0.0118894;metro_station;metro_station;
b072_90_120.wav;0.00171792;0.00935037;0.0190905;0.0258692;0.0114949;0.00302908;0.072006;0.00406633;0.0266202;0.693545;0.00171338;0.00443193;0.0185899;0.10261;0.0058651;metro_station;metro_station;
b072_30_60.wav;0.00314676;0.237749;0.0148529;0.0639591;0.00979626;0.0178307;0.00371513;0.0298054;0.00645824;0.106419;0.00424682;0.0194854;0.0546471;0.415955;0.0119335;train;metro_station;
b072_0_30.wav;0.0023409;0.106508;0.0324133;0.00499143;0.0126897;0.00545117;0.010047;0.0347394;0.0265047;0.0842885;0.00268816;0.00367321;0.0287549;0.354957;0.289952;train;metro_station;
b072_240_270.wav;0.00909605;0.0262883;0.108915;0.0112523;0.236099;0.00776493;0.0359234;0.0117583;0.0390993;0.227636;0.00333145;0.00816887;0.0624823;0.195929;0.0162563;city_center;metro_station;
b072_150_180.wav;0.00095726;0.665331;0.0844556;0.00575118;0.00305967;0.00252057;0.045652;0.025555;0.0162191;0.0414538;0.00135236;0.00188972;0.00282868;0.0974638;0.00551015;bus;metro_station;
a157_0_30.wav;0.00715294;0.0504224;0.0687603;0.0131218;0.00922067;0.0187317;0.534601;0.111104;0.04865;0.09265;0.00524204;0.00919515;0.0116346;0.0130692;0.00644386;grocery_store;metro_station;
a157_120_150.wav;0.00440968;0.00488471;0.00886545;0.0021514;0.0210062;0.00545004;0.067538;0.0149342;0.0375305;0.6674;0.00175031;0.00679612;0.0171807;0.0121092;0.127994;metro_station;metro_station;
a157_60_90.wav;0.0305488;0.0363221;0.0375429;0.00863349;0.0364416;0.0346884;0.0445261;0.0902638;0.221282;0.0878122;0.00346357;0.0368657;0.318481;0.00863265;0.00449606;residential_area;metro_station;
a157_197_227.wav;0.0114978;0.0468034;0.14221;0.0127416;0.00976768;0.0135181;0.117293;0.16234;0.0438385;0.384088;0.00568424;0.0107784;0.0142913;0.0186424;0.0065052;metro_station;metro_station;
a157_167_197.wav;0.0121313;0.00197958;0.0250582;0.00129367;0.0107765;0.0282163;0.00794564;0.00871383;0.0171652;0.804785;0.00128914;0.014943;0.0527477;0.00698346;0.00597172;metro_station;metro_station;
a157_90_120.wav;0.0214997;0.00612255;0.0137593;0.00513629;0.0317309;0.146037;0.0072313;0.0160691;0.0212215;0.312758;0.00262276;0.0221041;0.366471;0.0206141;0.00662313;residential_area;metro_station;
b073_30_60.wav;0.00762968;0.0187037;0.0169315;0.113096;0.0218432;0.00968482;0.199298;0.0178127;0.139038;0.37268;0.00553385;0.00764607;0.016754;0.046209;0.00713977;metro_station;metro_station;
b073_60_90.wav;0.02177;0.0148584;0.0186365;0.0331396;0.0937358;0.0187817;0.3988;0.0197942;0.0323423;0.233374;0.00572048;0.0184105;0.0299051;0.0473103;0.0134208;grocery_store;metro_station;
b073_0_30.wav;0.00352836;0.0655784;0.00607241;0.013703;0.00513615;0.0181951;0.00465844;0.0189413;0.0593113;0.0707072;0.0759037;0.0138467;0.0124114;0.599386;0.0326207;train;metro_station;
b073_90_120.wav;0.00327709;0.0788808;0.193673;0.00931634;0.00414187;0.00739646;0.015996;0.0814303;0.015537;0.274313;0.00469358;0.00623339;0.00465906;0.292903;0.00754929;train;metro_station;
b073_120_150.wav;0.00536897;0.024007;0.0228016;0.145032;0.0212812;0.0105286;0.329822;0.0146864;0.145253;0.163034;0.00518167;0.00939707;0.0174152;0.0785893;0.00760193;grocery_store;metro_station;
b073_150_180.wav;0.00249215;0.00947674;0.00364311;0.12222;0.0156288;0.00374031;0.0440451;0.00434064;0.0329359;0.726639;0.00206423;0.0033725;0.00953022;0.0176147;0.00225687;metro_station;metro_station;
a121_120_150.wav;0.011321;0.00714439;0.00467497;0.0111919;0.00712673;0.0498001;0.00528731;0.010733;0.00437276;0.012739;0.830296;0.0213026;0.0133157;0.00773919;0.00295587;office;office;
a121_210_240.wav;0.00220011;0.00240671;0.00192937;0.00327359;0.00267204;0.0214627;0.00224214;0.00405832;0.00176645;0.00394907;0.91809;0.0193954;0.0120683;0.00311924;0.00136644;office;office;
a121_150_180.wav;0.00145335;0.00143671;0.00123479;0.00187966;0.00177197;0.00875046;0.00138466;0.00215855;0.00116047;0.00288161;0.962741;0.00531528;0.00515597;0.00184282;0.000833151;office;office;
a121_180_210.wav;0.00557104;0.00466887;0.00303595;0.00708459;0.00456505;0.0538925;0.0034425;0.00633035;0.00281047;0.00819536;0.869202;0.0151896;0.00846735;0.0053355;0.00220909;office;office;
a121_240_270.wav;0.0103155;0.00538674;0.0034237;0.00830646;0.00536195;0.0398991;0.00386001;0.00728909;0.00331651;0.0112051;0.862911;0.0165724;0.0135963;0.00619269;0.00236313;office;office;
a121_270_300.wav;0.00589376;0.00359487;0.0023529;0.00479153;0.00363699;0.033368;0.00263833;0.00483001;0.00235756;0.00622493;0.900771;0.0153244;0.00889005;0.00377693;0.00154881;office;office;
a121_60_90.wav;0.0148948;0.0482254;0.0164159;0.0475648;0.0217984;0.178503;0.0201881;0.0531928;0.0249452;0.0562917;0.429619;0.0245551;0.0154213;0.0378813;0.0105035;office;office;
a121_0_30.wav;0.00400526;0.00517901;0.00402852;0.00726262;0.00528667;0.020448;0.00471258;0.0098149;0.00352027;0.0079211;0.891814;0.0205789;0.00687605;0.00598355;0.00256839;office;office;
a121_90_120.wav;0.0135113;0.0463986;0.0149303;0.0428628;0.0198196;0.135347;0.018475;0.0538106;0.02055;0.0654063;0.493062;0.019083;0.0130135;0.0335673;0.0101636;office;office;
b053_120_150.wav;0.00417782;0.0526779;0.00385366;0.0146227;0.00520559;0.0248317;0.00473252;0.0126806;0.00482062;0.0567728;0.780075;0.00558794;0.00710902;0.0169281;0.00592367;office;office;
b053_150_180.wav;0.00682589;0.0615285;0.00656144;0.0220144;0.00924405;0.0332545;0.00901592;0.0287372;0.0060253;0.153267;0.611294;0.00795177;0.00804009;0.0226803;0.0135595;office;office;
b053_60_90.wav;0.00193416;0.0167862;0.0018168;0.00387545;0.00229066;0.026314;0.00197651;0.00648979;0.00213556;0.0047188;0.91363;0.00425647;0.00290568;0.00820879;0.002661;office;office;
