Accuracy = 62.4138% (181/290) (classification);
Chave do vetor;beach;bus;cafe/restaurant;car;city_center;forest_path;grocery_store;home;library;metro_station;office;park;residential_area;train;tram;Classe Predita;Classe correta;
b021_30_60.wav;0.953091;0.00137873;0.00212811;0.00308159;0.00516674;0.00817315;0.00339253;0.00669228;0.00267177;0.00556774;0.00153063;0.00139594;0.00218469;0.00205132;0.00149333;beach;beach;
b021_150_180.wav;0.962437;0.00149035;0.00171551;0.00202209;0.00314955;0.00346447;0.002389;0.00253915;0.00268484;0.00662955;0.0013748;0.00325127;0.0030138;0.00183563;0.00200303;beach;beach;
b021_90_120.wav;0.970819;0.0010766;0.00117635;0.00155204;0.00283749;0.00325694;0.00170227;0.00162524;0.00144894;0.0043093;0.00123205;0.00265445;0.00323885;0.00139679;0.00167358;beach;beach;
b021_120_150.wav;0.972292;0.000901202;0.0010681;0.00149161;0.00177705;0.0040915;0.00127923;0.00162208;0.00106599;0.00338193;0.00126646;0.00267683;0.00412388;0.00144886;0.00151308;beach;beach;
b021_60_90.wav;0.965633;0.00115778;0.00145353;0.00198727;0.00257411;0.005952;0.0020619;0.00289972;0.00122243;0.00465576;0.00137828;0.00306729;0.00235269;0.00207264;0.00153143;beach;beach;
b021_180_210.wav;0.956233;0.0014135;0.00190108;0.00302265;0.00426036;0.00665025;0.00251759;0.00311613;0.00197375;0.00646154;0.00163905;0.00303309;0.0032844;0.00236702;0.00212612;beach;beach;
b021_0_30.wav;0.920447;0.00182822;0.00243737;0.0024368;0.008314;0.0121848;0.0072334;0.0118704;0.00351036;0.0132817;0.00156253;0.00283075;0.00711055;0.00282013;0.0021317;beach;beach;
b019_180_210.wav;0.262931;0.00477653;0.00316825;0.00462452;0.26935;0.0225939;0.00494572;0.00642407;0.00697641;0.0378902;0.00300356;0.0715468;0.286291;0.00524271;0.010235;residential_area;beach;
b019_120_150.wav;0.686867;0.00494111;0.0024724;0.00291004;0.15244;0.00789987;0.00633771;0.00477949;0.00627084;0.0272077;0.00201689;0.0467522;0.0388613;0.00442066;0.00582277;beach;beach;
b019_90_120.wav;0.217768;0.0114705;0.00514844;0.00846144;0.16058;0.041953;0.00770948;0.011523;0.0110256;0.032331;0.00505855;0.281342;0.179086;0.0104413;0.0161017;park;beach;
b019_150_180.wav;0.869474;0.00357112;0.00174208;0.0023821;0.0213958;0.00884907;0.00380198;0.00448933;0.00429593;0.0170529;0.00164668;0.0169357;0.0362098;0.0041813;0.00397186;beach;beach;
b019_60_90.wav;0.458543;0.00514415;0.00342287;0.003947;0.222208;0.0275256;0.00708351;0.00796505;0.00890958;0.028387;0.00290906;0.123419;0.0876998;0.00600631;0.00683111;beach;beach;
b019_0_30.wav;0.783;0.0036994;0.00205951;0.00318418;0.0605481;0.0111761;0.00482803;0.00577012;0.006187;0.0171133;0.00198787;0.0455971;0.045645;0.0055832;0.00362134;beach;beach;
b019_30_60.wav;0.234959;0.00824529;0.00509199;0.00617986;0.186179;0.0305911;0.00977315;0.0127732;0.0137094;0.0297325;0.00451691;0.314607;0.124767;0.00961867;0.00925546;park;beach;
b020_90_120.wav;0.862763;0.00458712;0.00432647;0.00340519;0.031577;0.00992614;0.0219132;0.0144293;0.00484222;0.0165402;0.0018846;0.0019254;0.0105586;0.00706599;0.00425581;beach;beach;
b020_30_60.wav;0.621374;0.0124957;0.0183871;0.0211235;0.0206822;0.0298781;0.0549414;0.124199;0.0124069;0.0392122;0.00545382;0.0034442;0.0103193;0.0167116;0.00937181;beach;beach;
b020_150_180.wav;0.488417;0.022041;0.0207622;0.0274095;0.0379206;0.028735;0.144171;0.0809766;0.0140052;0.0644224;0.00670417;0.00461856;0.0119585;0.0325031;0.0153554;beach;beach;
b020_60_90.wav;0.439822;0.0201192;0.014979;0.0309207;0.0839923;0.0508798;0.0905178;0.0902625;0.0142535;0.0690593;0.00763662;0.00681219;0.020264;0.0443316;0.0161499;beach;beach;
b020_180_210.wav;0.912969;0.00291071;0.00292363;0.00353153;0.0155153;0.00704154;0.0100432;0.010287;0.00378074;0.0121893;0.00178041;0.00137307;0.00878712;0.00425729;0.00260985;beach;beach;
b020_0_30.wav;0.265824;0.0252627;0.0280222;0.0439229;0.0409674;0.0424565;0.183276;0.169502;0.0198229;0.0887691;0.00885879;0.00655868;0.0151772;0.0434818;0.0180976;beach;beach;
b020_120_150.wav;0.809762;0.00588393;0.00471921;0.00544604;0.04471;0.0120408;0.0262168;0.0185457;0.00771427;0.0236499;0.00250931;0.0031437;0.0221781;0.00879352;0.00468699;beach;beach;
a104_0_30.wav;0.0018635;0.837694;0.00717283;0.00316808;0.0201198;0.00146493;0.0209959;0.00313962;0.0342044;0.048785;0.00131838;0.00138343;0.00465147;0.00506266;0.0089765;bus;bus;
a104_150_180.wav;0.00145832;0.941456;0.00154853;0.00527659;0.00900364;0.00210169;0.00260099;0.00158363;0.00727745;0.0054846;0.0014245;0.00123413;0.00292528;0.0124296;0.00419457;bus;bus;
a104_90_120.wav;0.00353907;0.850429;0.00271074;0.00790166;0.0402938;0.00259475;0.0147345;0.0039698;0.0111;0.0259532;0.00188502;0.00202281;0.00443957;0.0173867;0.0110395;bus;bus;
a104_60_90.wav;0.0110271;0.449398;0.00385623;0.00915386;0.348778;0.00352716;0.0282638;0.00586469;0.0276337;0.0261158;0.00253396;0.00455445;0.0111111;0.0405505;0.0276316;bus;bus;
a104_30_60.wav;0.000435319;0.968587;0.00200984;0.00179967;0.00272773;0.000631496;0.00244219;0.000676877;0.00141429;0.00611613;0.000866271;0.00053621;0.00153793;0.00689154;0.00332721;bus;bus;
a104_120_150.wav;0.000718587;0.962678;0.00190417;0.00255351;0.00141028;0.000906408;0.00286008;0.000783186;0.00176674;0.00527391;0.00101246;0.000597965;0.0012232;0.00745392;0.00885753;bus;bus;
a140_120_150.wav;0.00785819;0.0905193;0.00405813;0.0037683;0.0421846;0.00515835;0.00974128;0.013767;0.016597;0.0245821;0.00251835;0.00266206;0.0188575;0.682387;0.0753408;train;bus;
a140_150_180.wav;0.0072914;0.023182;0.0018847;0.00248366;0.0695622;0.002472;0.0047972;0.00624214;0.00702022;0.00984916;0.00131102;0.00206998;0.0230676;0.811359;0.0274078;train;bus;
a140_90_120.wav;0.0178186;0.198738;0.0101483;0.0375239;0.0472303;0.0174395;0.00966554;0.0502728;0.0149841;0.0591681;0.00635217;0.00646709;0.119593;0.348593;0.0560051;train;bus;
a140_60_90.wav;0.0170896;0.342938;0.00882606;0.00978739;0.0771589;0.00934056;0.0279682;0.0178147;0.0426172;0.10058;0.00442103;0.00463436;0.0464081;0.178239;0.112177;bus;bus;
a140_30_60.wav;0.0191069;0.0694595;0.00612798;0.0066396;0.0743555;0.0120108;0.0321264;0.027331;0.0252527;0.056372;0.00410137;0.00391263;0.0435378;0.508327;0.111339;train;bus;
a140_240_270.wav;0.00250186;0.227179;0.00229526;0.00205179;0.0189391;0.00272298;0.00706044;0.00534715;0.00951128;0.0226357;0.00154252;0.00144092;0.0152359;0.567577;0.113959;train;bus;
a140_210_240.wav;0.0142789;0.249941;0.00983751;0.0081381;0.134119;0.00770209;0.0208629;0.016656;0.0377486;0.0971042;0.00434416;0.00611085;0.0709661;0.21942;0.102771;bus;bus;
a140_180_210.wav;0.0112837;0.0594407;0.00546374;0.00499629;0.0419774;0.00751446;0.0095309;0.0207624;0.057983;0.0281079;0.00283918;0.008116;0.0754518;0.638976;0.027557;train;bus;
a140_0_30.wav;0.0158687;0.0205218;0.00211571;0.00612989;0.0583131;0.0055267;0.00236794;0.0126628;0.00471731;0.0131846;0.00178885;0.00592184;0.063985;0.776991;0.00990494;train;bus;
a054_0_30.wav;0.00145819;0.0322414;0.895025;0.00223822;0.00158275;0.00205471;0.0203889;0.0070511;0.00153147;0.0056318;0.00120588;0.00111361;0.00141391;0.0239175;0.00314592;cafe/restaurant;bus;
a054_60_90.wav;0.00278086;0.171037;0.701153;0.00585556;0.00265718;0.00467549;0.0167255;0.0177809;0.0048205;0.0280019;0.00207873;0.0014285;0.00191855;0.0321022;0.00698475;cafe/restaurant;bus;
a054_90_120.wav;0.00440346;0.489218;0.0105844;0.00902914;0.0110152;0.00584246;0.0201723;0.0163187;0.00741665;0.0183958;0.00300541;0.00192234;0.00882685;0.336109;0.0577411;bus;bus;
a054_120_150.wav;0.0059751;0.160325;0.0138476;0.0177367;0.00637559;0.0109323;0.0128157;0.0324945;0.0118217;0.0207126;0.00393572;0.00265188;0.00487984;0.30237;0.393126;tram;bus;
a054_30_60.wav;0.002344;0.0295553;0.905429;0.0042732;0.00233081;0.00370494;0.010967;0.00807048;0.00182046;0.00931193;0.00161607;0.00141397;0.00187132;0.0146351;0.00265677;cafe/restaurant;bus;
a052_150_180.wav;0.0593935;0.104023;0.0370297;0.0573962;0.0392196;0.182041;0.0387161;0.0792097;0.10564;0.140353;0.00919067;0.0131944;0.0166206;0.078732;0.0392411;forest_path;cafe/restaurant;
a052_30_60.wav;0.00904044;0.0292254;0.068054;0.0179964;0.0101449;0.0169773;0.0292717;0.0288618;0.684753;0.056405;0.00501263;0.00454789;0.00620868;0.0169627;0.016538;library;cafe/restaurant;
a052_120_150.wav;0.0845679;0.154569;0.043463;0.0387844;0.0401153;0.105214;0.0544556;0.0830663;0.043267;0.169323;0.00863228;0.0187717;0.0192064;0.0672097;0.0693538;metro_station;cafe/restaurant;
a052_60_90.wav;0.0169267;0.161385;0.0470834;0.0488294;0.0197576;0.052009;0.0392108;0.0471736;0.373923;0.0805195;0.00800151;0.00738965;0.0121541;0.0552226;0.030414;library;cafe/restaurant;
a052_90_120.wav;0.0653922;0.0817233;0.0279367;0.0541497;0.039307;0.194593;0.0363885;0.0591148;0.184161;0.127353;0.00895375;0.0139402;0.0165473;0.0581842;0.0322553;forest_path;cafe/restaurant;
a052_0_30.wav;0.0441559;0.0951272;0.0423678;0.0316567;0.0371794;0.0784114;0.0390767;0.0761088;0.347565;0.0901226;0.00782123;0.0126337;0.018118;0.0516124;0.0280432;library;cafe/restaurant;
a053_90_120.wav;0.00167867;0.00728181;0.0423885;0.00111852;0.0025019;0.00237379;0.0810755;0.00457022;0.00690154;0.813565;0.00123108;0.0031867;0.00933964;0.0202316;0.00255575;metro_station;cafe/restaurant;
a053_150_180.wav;0.00116043;0.00652101;0.0603268;0.00131874;0.00145076;0.000841086;0.0178407;0.00703617;0.00354593;0.890982;0.0014555;0.000503745;0.00109406;0.00356385;0.00235876;metro_station;cafe/restaurant;
a053_0_30.wav;0.0111284;0.0465353;0.0128723;0.00787941;0.0320005;0.0265249;0.0251224;0.0159037;0.0458913;0.313562;0.00456746;0.074488;0.333296;0.0386479;0.0115808;residential_area;cafe/restaurant;
a053_120_150.wav;0.00622418;0.04121;0.100454;0.00677494;0.0190991;0.00899856;0.201399;0.0320626;0.0662283;0.307828;0.00496359;0.00650523;0.031893;0.12462;0.0417392;metro_station;cafe/restaurant;
a053_60_90.wav;0.0104178;0.0525;0.0142289;0.00819433;0.0287331;0.024264;0.0383495;0.0222494;0.0805473;0.365838;0.00507629;0.0505967;0.239441;0.0452496;0.0143145;metro_station;cafe/restaurant;
a106_240_270.wav;0.000801732;0.0049979;0.956547;0.00124424;0.000837745;0.00126038;0.0167578;0.00302125;0.000793714;0.00131876;0.000803344;0.000735123;0.000788946;0.00932681;0.000765092;cafe/restaurant;cafe/restaurant;
a106_150_180.wav;0.00302519;0.0218759;0.650967;0.00488252;0.00307496;0.00481648;0.021766;0.0150373;0.0031954;0.00889869;0.00222956;0.00191308;0.00249758;0.189877;0.0659437;cafe/restaurant;cafe/restaurant;
a106_180_210.wav;0.00230915;0.0161084;0.590893;0.00394437;0.00220733;0.00384999;0.28611;0.0102564;0.00347794;0.00865328;0.00186953;0.00165912;0.00212388;0.0426061;0.0239317;cafe/restaurant;cafe/restaurant;
a106_60_90.wav;0.00450619;0.00680892;0.86249;0.0102519;0.00414848;0.0080687;0.023352;0.014702;0.00393272;0.0134532;0.00237798;0.00203124;0.00296658;0.035786;0.00512432;cafe/restaurant;cafe/restaurant;
a106_270_300.wav;0.00278586;0.0372616;0.83847;0.00527153;0.00256549;0.00454203;0.0186721;0.0268029;0.00291543;0.0179621;0.00204675;0.00144982;0.00185338;0.0333858;0.00401534;cafe/restaurant;cafe/restaurant;
a106_90_120.wav;0.00235535;0.00574513;0.907763;0.00467849;0.00231147;0.00399472;0.0167168;0.00704047;0.00179855;0.00613404;0.00153684;0.00139637;0.00182642;0.0336668;0.00303512;cafe/restaurant;cafe/restaurant;
a106_30_60.wav;0.00182359;0.00360304;0.876048;0.00306422;0.00183734;0.00289926;0.0483813;0.00599027;0.00164721;0.00518665;0.00123184;0.00115897;0.00152208;0.0413836;0.00422241;cafe/restaurant;cafe/restaurant;
a106_120_150.wav;0.00208425;0.00804204;0.806813;0.00398818;0.00218489;0.00354325;0.0144203;0.00775294;0.00152423;0.00635769;0.00137966;0.00118902;0.00162928;0.133214;0.0058772;cafe/restaurant;cafe/restaurant;
b097_90_120.wav;0.00276264;0.0116445;0.00268841;0.911111;0.00316617;0.00465862;0.00277311;0.00467595;0.00214564;0.0385266;0.00185215;0.00144805;0.00230767;0.00729199;0.00294721;car;car;
b097_180_210.wav;0.00350011;0.0148003;0.00350117;0.907898;0.00388674;0.00643538;0.00356362;0.00660966;0.00276313;0.0270044;0.00233735;0.00174492;0.00280885;0.00971371;0.00343273;car;car;
b097_240_270.wav;0.00185633;0.0191024;0.00177055;0.932952;0.00230351;0.00284595;0.00190531;0.00261395;0.00151993;0.0225257;0.00132158;0.00112055;0.00170869;0.00416725;0.00228597;car;car;
b097_150_180.wav;0.00211806;0.0120382;0.00191675;0.913634;0.00243224;0.00313748;0.00203825;0.00292013;0.00159231;0.0465763;0.00138556;0.00115784;0.00181607;0.00477572;0.00246092;car;car;
b097_0_30.wav;0.00272097;0.0195886;0.00178956;0.932147;0.00240971;0.00259562;0.00188973;0.00237072;0.00151676;0.0189058;0.000972694;0.000909562;0.00152063;0.00375093;0.00691203;car;car;
b097_120_150.wav;0.0164743;0.291079;0.0153039;0.372209;0.0138502;0.0367687;0.0162661;0.0427634;0.0115588;0.0610433;0.0124961;0.00590834;0.0103715;0.0671343;0.0267726;car;car;
b097_30_60.wav;0.00199754;0.00919798;0.00193604;0.944094;0.00247681;0.00309884;0.00200865;0.00285783;0.00160173;0.0199125;0.00135329;0.00114742;0.00178627;0.00434337;0.00218812;car;car;
b097_210_240.wav;0.00348125;0.0128182;0.00334759;0.907085;0.00375265;0.00603696;0.00340468;0.00613144;0.00263905;0.0319963;0.00220823;0.00168233;0.00272756;0.00922944;0.00345983;car;car;
a094_150_180.wav;0.00523183;0.649553;0.00140357;0.0617797;0.0165179;0.00357911;0.00234308;0.00151405;0.00325775;0.15574;0.00117299;0.0156824;0.0428353;0.036565;0.00282329;bus;car;
a094_60_90.wav;0.0337235;0.111896;0.0177176;0.291588;0.094572;0.0505036;0.019124;0.0584603;0.0175456;0.0727037;0.00874332;0.00678753;0.0329257;0.136404;0.0473049;car;car;
a094_30_60.wav;0.0148375;0.124371;0.00573194;0.0281901;0.0276534;0.0187252;0.0295743;0.0183524;0.00983656;0.0557542;0.00433538;0.0033848;0.0106054;0.58871;0.0599383;train;car;
a094_90_120.wav;0.0225663;0.0566093;0.0217252;0.485285;0.019395;0.0572091;0.0199122;0.076285;0.0145064;0.0759305;0.00902784;0.00587773;0.0114597;0.101591;0.0226188;car;car;
a094_120_150.wav;0.0190659;0.208001;0.003356;0.117162;0.0648102;0.00951687;0.00452867;0.00366312;0.00554638;0.202519;0.00306017;0.074881;0.228323;0.0511049;0.0044612;residential_area;car;
a062_120_150.wav;0.00467464;0.299442;0.00166144;0.624134;0.0149609;0.0033409;0.00229749;0.00226928;0.00189838;0.0133824;0.00147332;0.0024249;0.0112071;0.0141925;0.00264112;car;car;
a062_0_30.wav;0.0107284;0.0278424;0.00907781;0.794184;0.0118937;0.0211736;0.00855856;0.0256994;0.00652989;0.029899;0.00471145;0.00314071;0.00582381;0.0310313;0.0097058;car;car;
a062_60_90.wav;0.00395014;0.0371678;0.00170185;0.914469;0.0103211;0.00273507;0.00185636;0.0025413;0.0015353;0.00549513;0.00155724;0.00107165;0.00319373;0.00829533;0.00410912;car;car;
a062_90_120.wav;0.0477392;0.141592;0.00273156;0.60503;0.0442849;0.00784446;0.00294456;0.00342227;0.00279221;0.0346755;0.00288468;0.0337084;0.0465385;0.0203003;0.00351165;car;car;
a062_150_180.wav;0.023355;0.260453;0.00211948;0.52764;0.0144445;0.0148823;0.0025225;0.00250077;0.00256455;0.0243193;0.00538048;0.0327168;0.0623669;0.0217094;0.00302497;car;car;
a062_30_60.wav;0.0106691;0.406405;0.00167255;0.497064;0.0086797;0.00801553;0.00207273;0.00224505;0.00209447;0.0236698;0.00460174;0.00795041;0.0123953;0.00949697;0.00296831;car;car;
a129_180_210.wav;0.00232701;0.000739936;0.000871946;0.00374036;0.969779;0.00395348;0.0007528;0.0026912;0.0027663;0.00542301;0.00118458;0.00122632;0.0026964;0.00111309;0.000734381;city_center;city_center;
a129_30_60.wav;0.00481355;0.00224765;0.00112508;0.0135644;0.939928;0.00440955;0.00120283;0.00979714;0.00315224;0.00427962;0.00147787;0.00263114;0.00580382;0.00441731;0.0011502;city_center;city_center;
a129_150_180.wav;0.00322355;0.00119334;0.0010898;0.00482221;0.951452;0.0036846;0.00092557;0.00324765;0.00236574;0.0162989;0.00135681;0.0015929;0.00594661;0.00177831;0.00102205;city_center;city_center;
a129_60_90.wav;0.00687352;0.00107483;0.000929723;0.00410337;0.938951;0.00387701;0.00132183;0.0037038;0.00367011;0.0239826;0.00130513;0.0019421;0.00559568;0.00166062;0.00100841;city_center;city_center;
a129_120_150.wav;0.00049233;0.000382755;0.000340718;0.000976577;0.977784;0.00277294;0.000248388;0.0006432;0.00106631;0.00136073;0.000502046;0.00125155;0.0112718;0.000604077;0.000302699;city_center;city_center;
a129_210_240.wav;0.00126728;0.000669453;0.000464867;0.00347036;0.981376;0.00156826;0.000464592;0.0019389;0.00110524;0.00182801;0.000707236;0.000924714;0.00274562;0.00103165;0.000437487;city_center;city_center;
a129_0_30.wav;0.0027;0.00124217;0.00105734;0.00802425;0.950736;0.00925181;0.000897052;0.00505239;0.00243563;0.00815188;0.00142699;0.00291954;0.0031;0.00195053;0.00105481;city_center;city_center;
b091_122_152.wav;0.0329625;0.0435521;0.0233119;0.226236;0.0763206;0.0579411;0.0193807;0.0924784;0.0336404;0.194306;0.0110744;0.00749507;0.0217953;0.137207;0.0223;car;city_center;
b091_0_30.wav;0.0162179;0.0188861;0.013099;0.0868716;0.063305;0.0318685;0.0110653;0.043937;0.0204472;0.19396;0.00692614;0.00707016;0.0616582;0.411766;0.0129217;train;city_center;
b091_182_212.wav;0.142944;0.0246835;0.0109664;0.283421;0.0271462;0.0694693;0.0111587;0.0213756;0.00942849;0.112689;0.00923697;0.0215036;0.182914;0.053418;0.0196455;car;city_center;
b091_30_60.wav;0.0301905;0.0449629;0.0230964;0.267401;0.0679962;0.0586049;0.0191452;0.0933611;0.0304431;0.166385;0.0105879;0.0071341;0.0204728;0.138028;0.0221902;car;city_center;
b091_152_182.wav;0.0281619;0.0230082;0.0137065;0.156178;0.155884;0.0517259;0.0166389;0.063593;0.0864652;0.140729;0.00845629;0.00890668;0.0317973;0.200345;0.0144052;train;city_center;
b095_60_90.wav;0.00127837;0.00125279;0.000989771;0.0102302;0.958518;0.00722043;0.000667164;0.00286453;0.00329431;0.00567171;0.00124845;0.0009612;0.00287069;0.00219627;0.000736414;city_center;city_center;
b095_0_30.wav;0.00382507;0.0035222;0.00242883;0.0421008;0.861653;0.0200363;0.00185195;0.00705772;0.0106965;0.0135859;0.00244013;0.0026671;0.00852234;0.0175819;0.00202993;city_center;city_center;
b095_120_150.wav;0.00476978;0.0126946;0.0016118;0.0215049;0.788633;0.0116138;0.00466069;0.0211394;0.0724258;0.0179733;0.00157534;0.00540187;0.0274475;0.00642914;0.00211939;city_center;city_center;
b095_150_180.wav;0.0101507;0.00847899;0.00504369;0.0519672;0.754928;0.024821;0.00434861;0.0164156;0.0135339;0.063927;0.00406624;0.00354485;0.0142473;0.0196764;0.00485063;city_center;city_center;
b095_180_210.wav;0.00102086;0.000398649;0.000533626;0.00146962;0.988894;0.00116722;0.00029387;0.000811405;0.000562764;0.00158063;0.000858915;0.000638915;0.000838109;0.00054988;0.000381502;city_center;city_center;
b095_210_240.wav;0.00065877;0.000646967;0.000570941;0.00294199;0.979118;0.00281405;0.000446974;0.000997954;0.00197729;0.0031809;0.000784669;0.00104348;0.00308027;0.00122826;0.000509387;city_center;city_center;
b095_90_120.wav;0.00182407;0.00183326;0.00128305;0.0159197;0.935094;0.0143182;0.000943103;0.00374932;0.00366286;0.00896942;0.00150237;0.00225736;0.00375326;0.003433;0.00145659;city_center;city_center;
a066_90_120.wav;0.0731176;0.0271609;0.0131123;0.0489036;0.015931;0.592463;0.0145188;0.0374535;0.0105116;0.0516192;0.0079725;0.0238602;0.0124156;0.0483311;0.0226294;forest_path;forest_path;
a066_30_60.wav;0.0281693;0.0152289;0.00696899;0.0256157;0.0081394;0.78773;0.00787668;0.0206057;0.00590443;0.0351549;0.00461779;0.00901702;0.00629053;0.0265733;0.0121075;forest_path;forest_path;
a066_60_90.wav;0.112935;0.0420427;0.0176054;0.0616938;0.0227573;0.401269;0.0231005;0.0466879;0.0154388;0.0737039;0.0107478;0.0401892;0.0196337;0.064835;0.0473604;forest_path;forest_path;
a066_0_30.wav;0.0161999;0.0200077;0.00935196;0.0381767;0.00904682;0.742668;0.0100178;0.0305623;0.00804497;0.0489163;0.00535796;0.0039289;0.0062911;0.0382294;0.0132005;forest_path;forest_path;
a097_210_240.wav;0.0118695;0.00167392;0.00162256;0.00294285;0.0108132;0.883794;0.00284095;0.0179367;0.0165869;0.0132424;0.00256985;0.00167661;0.0251754;0.00390412;0.00335068;forest_path;forest_path;
a097_180_210.wav;0.0230403;0.164683;0.0170468;0.0872494;0.0176412;0.0770151;0.0291835;0.191929;0.022594;0.0859694;0.0108419;0.00535228;0.0106383;0.211394;0.0454218;train;forest_path;
a097_60_90.wav;0.00425539;0.000694904;0.000492171;0.000682503;0.00100991;0.966495;0.000374866;0.000719636;0.000798709;0.00834774;0.00115572;0.00587441;0.00786295;0.00076997;0.000465705;forest_path;forest_path;
a097_90_120.wav;0.00387074;0.00204968;0.000965992;0.00257705;0.00488837;0.834142;0.00104787;0.00375066;0.00811734;0.0213698;0.00290498;0.00338623;0.107074;0.00194567;0.00190973;forest_path;forest_path;
a097_150_180.wav;0.0304883;0.0799589;0.0239762;0.160068;0.0283543;0.10067;0.0261038;0.160942;0.0373925;0.131892;0.010494;0.0069238;0.0150694;0.141814;0.0458525;home;forest_path;
a097_240_270.wav;0.0119511;0.0400349;0.00778862;0.0132871;0.0210866;0.296123;0.0150553;0.206189;0.122393;0.10874;0.0284867;0.00347033;0.0264742;0.0399769;0.0589433;forest_path;forest_path;
a097_0_30.wav;0.00324733;0.00100121;0.000928699;0.00190295;0.00332348;0.929378;0.000999322;0.00396753;0.0123839;0.0278116;0.0021654;0.00102337;0.00836462;0.00183376;0.00166885;forest_path;forest_path;
a097_30_60.wav;0.0241716;0.00159466;0.000724334;0.00191052;0.00276267;0.91652;0.000608689;0.0009979;0.000911142;0.0145762;0.00177198;0.020917;0.0105066;0.00121668;0.000810483;forest_path;forest_path;
a097_120_150.wav;0.0289311;0.0836883;0.0281698;0.170892;0.0225031;0.100747;0.0249956;0.123762;0.0190167;0.109087;0.0129601;0.00710486;0.0149413;0.224304;0.0288966;train;forest_path;
a039_0_30.wav;0.338368;0.00640002;0.00335415;0.00721835;0.044516;0.232651;0.00367664;0.00573018;0.00476277;0.00712175;0.00310742;0.298542;0.0316313;0.00783061;0.00508993;beach;forest_path;
a039_90_120.wav;0.0336006;0.00135626;0.00130277;0.00184517;0.00439756;0.911485;0.000948644;0.00206606;0.00113591;0.00280125;0.00180969;0.0257675;0.00743179;0.00275468;0.00129669;forest_path;forest_path;
a039_120_150.wav;0.211031;0.00245283;0.0016176;0.00319991;0.00945936;0.57337;0.0015169;0.00267928;0.00208337;0.00428253;0.00178759;0.159647;0.0210848;0.00390913;0.00187864;forest_path;forest_path;
a039_30_60.wav;0.202746;0.00438292;0.00254717;0.0050761;0.0139118;0.4595;0.00253282;0.00419801;0.00283103;0.00573899;0.00242911;0.25572;0.0286584;0.00622253;0.00350473;forest_path;forest_path;
a039_60_90.wav;0.123544;0.00347863;0.00206284;0.00385321;0.0147474;0.597678;0.00205266;0.00362641;0.00279502;0.00491951;0.00214382;0.184372;0.0467059;0.00546795;0.00255264;forest_path;forest_path;
a110_210_240.wav;0.00946674;0.0364926;0.0759908;0.0128636;0.0108727;0.0132316;0.192725;0.0225013;0.0169212;0.16279;0.0048772;0.00402715;0.00829006;0.0581476;0.370802;tram;grocery_store;
a110_60_90.wav;0.00240226;0.026752;0.0427727;0.00402688;0.00546753;0.0042583;0.798822;0.0176756;0.0202344;0.0401482;0.00234498;0.00199904;0.00655643;0.0094157;0.0171239;grocery_store;grocery_store;
a110_90_120.wav;0.00494376;0.134533;0.0162319;0.006677;0.0226771;0.0067119;0.344024;0.0249928;0.0329891;0.0578353;0.00375944;0.00349251;0.0161329;0.11904;0.20596;grocery_store;grocery_store;
a110_270_300.wav;0.00218778;0.00727186;0.206469;0.00440979;0.00235083;0.00412072;0.670429;0.00700418;0.00323695;0.0506966;0.0021008;0.00163814;0.00211809;0.0139083;0.0220574;grocery_store;grocery_store;
a110_240_270.wav;0.000868582;0.006556;0.0426191;0.0014968;0.00092337;0.00164879;0.920693;0.00238391;0.00258532;0.0117407;0.00118056;0.000806508;0.000991087;0.00334195;0.00216474;grocery_store;grocery_store;
a110_120_150.wav;0.00107362;0.0134889;0.602841;0.00128496;0.00109388;0.00131608;0.35212;0.0048918;0.00217392;0.0057399;0.000939304;0.000856212;0.000987937;0.00858279;0.00260985;cafe/restaurant;grocery_store;
a110_150_180.wav;0.000961312;0.0273014;0.017123;0.00105158;0.00155107;0.00109132;0.910798;0.00218356;0.00451222;0.0150666;0.000943672;0.000739008;0.00110871;0.00417159;0.0113973;grocery_store;grocery_store;
a110_180_210.wav;0.00726246;0.032293;0.0124026;0.00357686;0.0170389;0.00400836;0.46495;0.0458488;0.320617;0.0396287;0.00217218;0.00247166;0.0088776;0.0133524;0.0255003;grocery_store;grocery_store;
a110_30_60.wav;0.00277672;0.00902303;0.0122722;0.00303699;0.00220761;0.00291507;0.875445;0.00697055;0.0177284;0.0524682;0.00166282;0.00127667;0.00185591;0.00403319;0.00632798;grocery_store;grocery_store;
a051_30_60.wav;0.012651;0.0362018;0.0223533;0.00846586;0.0142209;0.0218375;0.569004;0.024433;0.120712;0.0398133;0.00472828;0.010412;0.0173521;0.0853711;0.0124437;grocery_store;grocery_store;
a051_60_90.wav;0.0010797;0.0171903;0.0277994;0.00186824;0.00121319;0.00184191;0.911041;0.00359305;0.00449266;0.0159172;0.00116231;0.00103572;0.00121196;0.00393106;0.00662285;grocery_store;grocery_store;
a051_90_120.wav;0.00134919;0.12575;0.00599172;0.00359931;0.00164901;0.00575097;0.811513;0.00594759;0.0063995;0.0120104;0.00153;0.00148256;0.00133519;0.00904384;0.00664682;grocery_store;grocery_store;
a051_150_180.wav;0.00158197;0.0100387;0.0110645;0.00333556;0.00172522;0.00278353;0.877806;0.00764725;0.00429981;0.0169741;0.00149826;0.00102312;0.00123575;0.00405874;0.0549273;grocery_store;grocery_store;
a051_120_150.wav;0.00604972;0.0373032;0.0246468;0.0255524;0.00536248;0.0212198;0.685822;0.0288329;0.00732611;0.0479222;0.00432893;0.00259583;0.00357448;0.0442274;0.0552361;grocery_store;grocery_store;
a051_0_30.wav;0.00555874;0.0266168;0.0317995;0.00487081;0.00727375;0.0154868;0.757504;0.00903443;0.0480467;0.033719;0.00262444;0.00880666;0.00938844;0.0308971;0.00837297;grocery_store;grocery_store;
b084_180_210.wav;0.00127942;0.000661986;0.00502273;0.00144463;0.00159792;0.00192532;0.950021;0.00699445;0.0116867;0.0135451;0.00127972;0.000961481;0.00163521;0.0010065;0.000937394;grocery_store;grocery_store;
b084_90_120.wav;0.00264321;0.000977621;0.00350576;0.001806;0.00317862;0.00228106;0.950757;0.00464815;0.00898205;0.0131863;0.0012446;0.0011861;0.00271331;0.00131457;0.0015759;grocery_store;grocery_store;
b084_0_30.wav;0.00126701;0.000849589;0.00182457;0.000850931;0.00077066;0.00106755;0.974205;0.000868846;0.00935431;0.00559526;0.000971922;0.000645955;0.000766238;0.000439375;0.000522815;grocery_store;grocery_store;
b084_150_180.wav;0.00137574;0.000646398;0.0094934;0.0011434;0.00110348;0.00150572;0.966788;0.00487568;0.00236675;0.00553825;0.000970067;0.000868002;0.00119844;0.000958977;0.00116812;grocery_store;grocery_store;
b084_120_150.wav;0.000825501;0.00029164;0.00529256;0.000730213;0.000582324;0.00102259;0.981835;0.00243771;0.00162792;0.00209744;0.000878909;0.000658065;0.00068365;0.000491161;0.000545768;grocery_store;grocery_store;
b084_30_60.wav;0.00366009;0.000982732;0.0137272;0.00207384;0.00123244;0.00238077;0.956197;0.00361451;0.00307443;0.00717566;0.00142842;0.0010376;0.00111539;0.00107941;0.00122063;grocery_store;grocery_store;
a036_150_180.wav;0.00434587;0.106833;0.0316216;0.00512047;0.00825834;0.00824975;0.105221;0.350259;0.0290002;0.0367843;0.00355661;0.00316238;0.00625353;0.285999;0.0153356;home;home;
a036_60_90.wav;0.00151322;0.0109246;0.00399364;0.00296189;0.00136517;0.00443909;0.00247245;0.924919;0.0060553;0.00702669;0.00239976;0.00111244;0.00133672;0.0110241;0.0184562;home;home;
a036_30_60.wav;0.0164713;0.0318616;0.015725;0.0724716;0.0131877;0.0415979;0.0137057;0.628424;0.0108016;0.0493179;0.00771103;0.00492239;0.00850495;0.0678697;0.0174274;home;home;
a036_90_120.wav;0.00160067;0.00374465;0.00248465;0.00291936;0.00142299;0.00466326;0.00248073;0.948461;0.00496773;0.00747584;0.00356315;0.00112509;0.00118484;0.00794561;0.0059601;home;home;
a036_120_150.wav;0.00527193;0.01321;0.00490468;0.0172351;0.00467585;0.0142563;0.00478787;0.852263;0.0170429;0.020436;0.00429123;0.00230475;0.00320459;0.0172077;0.0189084;home;home;
a036_0_30.wav;0.006394;0.0200703;0.00681726;0.0222984;0.00550993;0.019326;0.00601435;0.795341;0.026844;0.0273428;0.00582824;0.00271112;0.00388296;0.0244214;0.0271982;home;home;
b044_90_120.wav;0.00663954;0.0308513;0.270124;0.0117806;0.00654407;0.0115422;0.0665684;0.302539;0.0449548;0.17477;0.00495455;0.00368681;0.00530919;0.0203597;0.0393756;home;home;
b044_60_90.wav;0.00456756;0.0166329;0.0992957;0.00532821;0.00349645;0.00564833;0.19288;0.48741;0.0922185;0.067529;0.00308706;0.00208822;0.0033255;0.0115922;0.00490039;home;home;
b044_0_30.wav;0.00381401;0.024871;0.00689146;0.00493258;0.00595862;0.00697242;0.0322605;0.657604;0.107329;0.0299518;0.00293351;0.00209327;0.00598329;0.0900546;0.01835;home;home;
b044_150_180.wav;0.00958907;0.0865714;0.0152845;0.0364081;0.0090174;0.0293042;0.023173;0.243642;0.0534448;0.0487072;0.00650375;0.0040486;0.0127336;0.407754;0.013819;train;home;
b044_120_150.wav;0.00168473;0.00954103;0.00787748;0.00333901;0.00237047;0.00407158;0.0241679;0.821834;0.0831174;0.00770838;0.00197626;0.00121011;0.00345434;0.0245975;0.00304995;home;home;
b044_30_60.wav;0.00439979;0.0186773;0.0367807;0.0056969;0.00418121;0.00873805;0.268424;0.465747;0.0612969;0.0776428;0.00333037;0.00302666;0.00462198;0.0103115;0.0271247;home;home;
a030_60_90.wav;0.0186519;0.162405;0.0280106;0.0878942;0.0153403;0.128846;0.0643678;0.0749715;0.0148214;0.119728;0.00855688;0.00792513;0.0105321;0.183286;0.0746627;train;home;
a030_0_30.wav;0.00797577;0.65433;0.00436216;0.0110955;0.00489622;0.0578649;0.00478534;0.0284016;0.0366601;0.0407098;0.0360245;0.0187252;0.0282272;0.0598273;0.00611438;bus;home;
a030_90_120.wav;0.0105013;0.371308;0.0232177;0.0405054;0.00781599;0.122861;0.0891136;0.0324993;0.0100747;0.0932182;0.00584119;0.00885886;0.0074347;0.147725;0.0290241;bus;home;
a030_30_60.wav;0.00187629;0.282069;0.00684844;0.00403659;0.00166807;0.0040855;0.00555388;0.0673719;0.00622487;0.0197086;0.00320483;0.00116184;0.00240554;0.55599;0.0377944;train;home;
a030_120_150.wav;0.00512056;0.591126;0.0318539;0.0129176;0.00394633;0.0249573;0.0719419;0.0217959;0.00689513;0.102045;0.00376869;0.00742411;0.00474464;0.0938194;0.0176439;bus;home;
a030_150_180.wav;0.0119747;0.143336;0.0184712;0.0389811;0.00924797;0.0309769;0.0138497;0.170171;0.0151424;0.119026;0.0131326;0.00437384;0.00659037;0.390721;0.0140053;train;home;
b037_210_240.wav;0.00865558;0.0228753;0.18944;0.0104569;0.0106805;0.00859569;0.221513;0.0286249;0.134181;0.317452;0.00610717;0.00516717;0.00918822;0.0154841;0.0115789;metro_station;library;
b037_60_90.wav;0.00406614;0.060199;0.0198514;0.0032336;0.00921909;0.00341118;0.637195;0.0170975;0.137527;0.0641506;0.00245954;0.00232106;0.00476699;0.0219959;0.0125058;grocery_store;library;
b037_150_180.wav;0.00218747;0.00980603;0.0298865;0.00265884;0.00456008;0.00193564;0.123561;0.0113021;0.727518;0.071907;0.00182136;0.00153378;0.00367799;0.00346887;0.0041753;library;library;
b037_0_30.wav;0.0012161;0.0364639;0.0865189;0.00163997;0.00200988;0.00176468;0.76657;0.0107987;0.00794546;0.0241414;0.00135228;0.00109846;0.00238758;0.0365098;0.0195825;grocery_store;library;
b037_120_150.wav;0.00500281;0.0144183;0.0419808;0.00864139;0.00851309;0.00549472;0.180415;0.0194901;0.517719;0.165032;0.00402987;0.00345704;0.00729725;0.00974263;0.00876527;library;library;
b037_180_210.wav;0.00986138;0.0226724;0.142279;0.00944329;0.0135364;0.00864171;0.235741;0.0284799;0.219862;0.25946;0.00622207;0.00578465;0.0115138;0.0138474;0.0126546;metro_station;library;
b048_30_60.wav;0.00483586;0.00833535;0.0324496;0.00711694;0.00422362;0.0130055;0.0391405;0.292097;0.181102;0.34108;0.011209;0.00260181;0.00415229;0.0173094;0.0413408;metro_station;library;
b048_150_180.wav;0.00627476;0.00702786;0.00886377;0.00831847;0.00434751;0.0188582;0.0159605;0.132966;0.453709;0.290951;0.0122448;0.00218123;0.00358453;0.0112621;0.0234508;library;library;
b048_180_210.wav;0.00481987;0.00546547;0.00401046;0.00875352;0.00447331;0.0308672;0.00487357;0.0200521;0.518265;0.338332;0.0112833;0.00266971;0.00480062;0.0114116;0.0299216;library;library;
b048_60_90.wav;0.00115118;0.00401488;0.00340922;0.00220848;0.00114012;0.0048834;0.00287295;0.0117511;0.0722554;0.850771;0.00401616;0.000771752;0.00146175;0.00851766;0.0307745;metro_station;library;
b048_0_30.wav;0.0041991;0.00752122;0.0117938;0.00495363;0.00453452;0.0156567;0.0339491;0.0867406;0.287266;0.475107;0.00996699;0.00200483;0.00410821;0.012428;0.0397706;metro_station;library;
b048_90_120.wav;0.00705707;0.0144121;0.00905773;0.0151802;0.00686063;0.0554016;0.015061;0.186258;0.0900178;0.489466;0.0479151;0.0035537;0.00538957;0.0220606;0.0323084;metro_station;library;
b041_0_30.wav;0.00433574;0.0109767;0.00293782;0.0645159;0.0413675;0.0369545;0.0225929;0.0251211;0.668176;0.0584499;0.0028074;0.0123022;0.0252254;0.0103133;0.0139241;library;library;
b041_30_60.wav;0.00523917;0.0107967;0.00388437;0.120385;0.0503627;0.0200563;0.0241052;0.0270846;0.539028;0.131043;0.00322718;0.00832952;0.0274913;0.0129456;0.0160213;library;library;
b041_120_150.wav;0.00394484;0.00181309;0.00161967;0.00230914;0.00275105;0.00357383;0.0132935;0.0136595;0.91706;0.0244684;0.00160335;0.00191021;0.00822762;0.00191067;0.00185539;library;library;
b041_150_180.wav;0.00508389;0.0110819;0.0042002;0.0815168;0.0348414;0.0465832;0.0178207;0.0328846;0.635359;0.0477277;0.00346394;0.0137235;0.0338479;0.0224763;0.00938876;library;library;
b041_210_240.wav;0.00296812;0.00578496;0.00169225;0.0148042;0.0115684;0.0175089;0.0104473;0.0143352;0.871507;0.0164975;0.00202202;0.00551731;0.0153458;0.00572095;0.00428038;library;library;
b041_180_210.wav;0.00500106;0.00896308;0.00320629;0.0465186;0.029244;0.0420329;0.0165948;0.0315363;0.706848;0.0382889;0.00305002;0.0134602;0.030601;0.0131986;0.011456;library;library;
b069_210_240.wav;0.00751874;0.0103009;0.00468312;0.0175715;0.268014;0.0113586;0.0151338;0.0106499;0.0485803;0.115851;0.00343523;0.0142451;0.442407;0.0242233;0.00602758;residential_area;metro_station;
b069_120_150.wav;0.0201342;0.0482815;0.0193745;0.469133;0.0165351;0.0489629;0.0179726;0.0653014;0.0126442;0.148262;0.00839914;0.00539528;0.0102461;0.0889139;0.0204444;car;metro_station;
b069_240_270.wav;0.00390729;0.0155486;0.284538;0.00688264;0.00243775;0.00547273;0.0508168;0.0154349;0.00386232;0.533137;0.00314493;0.0017415;0.00261779;0.0659504;0.00450794;metro_station;metro_station;
b069_150_180.wav;0.00617047;0.0167238;0.00516222;0.53214;0.00551023;0.0115384;0.00543253;0.0105241;0.0036449;0.35688;0.00309224;0.00211208;0.0038708;0.0191881;0.0180097;car;metro_station;
b069_0_30.wav;0.0209759;0.0506152;0.0203337;0.433551;0.01725;0.0520839;0.0188185;0.0699611;0.0131834;0.16057;0.00871606;0.00557481;0.0106513;0.0963067;0.021409;car;metro_station;
b069_180_210.wav;0.00435543;0.0668539;0.00603664;0.0248401;0.00442343;0.00814303;0.0253203;0.00911691;0.00619752;0.522045;0.00327707;0.0152422;0.0195567;0.278713;0.00587888;metro_station;metro_station;
b068_210_240.wav;0.00701939;0.0131799;0.00385946;0.00908002;0.00537528;0.0174479;0.00451065;0.00581839;0.014169;0.484109;0.0108033;0.0566471;0.0151966;0.307202;0.0455822;metro_station;metro_station;
b068_30_60.wav;0.00204631;0.0102466;0.00117008;0.0050993;0.00895453;0.0057301;0.00167418;0.00176979;0.00330711;0.803677;0.00159336;0.0165545;0.0810996;0.0543575;0.00272031;metro_station;metro_station;
b068_90_120.wav;0.00504145;0.0124242;0.0705996;0.00556644;0.00602319;0.00579359;0.358806;0.0108526;0.039922;0.426445;0.00287496;0.00573669;0.0170917;0.0273545;0.00546881;metro_station;metro_station;
b068_0_30.wav;0.00333491;0.00905989;0.00682622;0.00515798;0.00658792;0.00513041;0.0712235;0.00957442;0.0637685;0.70472;0.00222174;0.00614512;0.082733;0.0194815;0.00403541;metro_station;metro_station;
a089_240_270.wav;0.00264472;0.0155627;0.00613488;0.000886962;0.00300674;0.00075289;0.0101675;0.00255758;0.00441712;0.945575;0.00132103;0.000678143;0.00180656;0.00267015;0.00181768;metro_station;metro_station;
a089_150_180.wav;0.034467;0.0389373;0.0315944;0.00447254;0.0633757;0.00487483;0.150534;0.0154684;0.0563161;0.565857;0.0033736;0.00403885;0.0090955;0.00862324;0.00897165;metro_station;metro_station;
a089_120_150.wav;0.00683986;0.035991;0.114247;0.00392206;0.0109173;0.00327222;0.15921;0.0139314;0.104685;0.524146;0.00277936;0.00233027;0.00469422;0.00615795;0.00687642;metro_station;metro_station;
a089_90_120.wav;0.0150637;0.0052619;0.00423902;0.00938547;0.698659;0.00519515;0.0216302;0.0095661;0.058773;0.109444;0.00218996;0.00611489;0.045845;0.00457516;0.00405779;city_center;metro_station;
a089_60_90.wav;0.00714648;0.00875365;0.0021556;0.0195148;0.0952699;0.00852363;0.00871868;0.00707015;0.0107051;0.778421;0.00265982;0.00391614;0.0223938;0.0126469;0.0121044;metro_station;metro_station;
a089_270_300.wav;0.00793381;0.0173477;0.011029;0.00205418;0.111211;0.00274675;0.0572757;0.00980552;0.0512872;0.689075;0.00195185;0.00314299;0.0205411;0.00735257;0.00724542;metro_station;metro_station;
a089_0_30.wav;0.00734623;0.181372;0.329108;0.0184625;0.00678481;0.012468;0.0388743;0.194455;0.01106;0.10005;0.00476523;0.00331061;0.00476855;0.0554028;0.0317714;cafe/restaurant;metro_station;
a089_180_210.wav;0.00578728;0.0249541;0.00346708;0.00145268;0.0363401;0.00201707;0.0228409;0.00446507;0.00648745;0.850349;0.00134336;0.00322795;0.00855522;0.0198624;0.00885041;metro_station;metro_station;
b054_0_30.wav;0.0792264;0.0348759;0.00818521;0.0462778;0.0113368;0.169009;0.00866367;0.0116685;0.00878868;0.183729;0.102263;0.210873;0.0772274;0.0237333;0.0241422;park;office;
b054_150_180.wav;0.00723706;0.0221456;0.00669288;0.0195094;0.00743577;0.0424558;0.00836124;0.0180887;0.0193;0.704302;0.0607524;0.00323699;0.0055194;0.0238576;0.0511051;metro_station;office;
b054_90_120.wav;0.00636717;0.028706;0.00555046;0.0178642;0.00571427;0.0233476;0.00569973;0.0142715;0.027834;0.0896324;0.740995;0.00373811;0.00564683;0.0158572;0.0087752;office;office;
b054_60_90.wav;0.00281832;0.0156806;0.00244985;0.0136621;0.002831;0.0158818;0.00253153;0.0040044;0.0148047;0.032594;0.876635;0.00256723;0.003388;0.0054708;0.00468075;office;office;
b054_30_60.wav;0.0109889;0.0485934;0.00951802;0.0387664;0.00953305;0.0356647;0.00968568;0.0255419;0.0433312;0.157131;0.553999;0.00568118;0.0088715;0.0287567;0.0139376;office;office;
b054_180_210.wav;0.00218968;0.0153965;0.00185456;0.00843101;0.0022878;0.0143562;0.00195447;0.00328053;0.0152787;0.0513578;0.868985;0.00179309;0.00285761;0.0041272;0.00585024;office;office;
b054_210_240.wav;0.0185905;0.0639308;0.0176376;0.0618052;0.0157294;0.0524422;0.0173134;0.0680361;0.0342666;0.147046;0.392722;0.00775626;0.0120332;0.0666218;0.0240692;office;office;
b054_120_150.wav;0.00325842;0.0118511;0.00262678;0.0108248;0.00396814;0.0447308;0.00288087;0.00435345;0.365884;0.32155;0.186805;0.00258681;0.00638686;0.00536436;0.026929;library;office;
a122_0_30.wav;0.0018133;0.00187228;0.00137072;0.00285629;0.00175408;0.0309138;0.00141681;0.00230568;0.00201706;0.00321154;0.936954;0.00313653;0.00519507;0.00378728;0.00139573;office;office;
a122_240_270.wav;0.00467422;0.00411213;0.00269473;0.00664711;0.00311547;0.0450506;0.00273071;0.00473114;0.00514656;0.0098514;0.877516;0.0164894;0.00774951;0.00675082;0.00274035;office;office;
a122_150_180.wav;0.00229676;0.0032388;0.00219737;0.00447156;0.0024616;0.01984;0.00223069;0.00470704;0.00366716;0.00433027;0.932747;0.00256646;0.00508132;0.00788562;0.00227842;office;office;
a122_30_60.wav;0.00529372;0.0043196;0.00287156;0.00782951;0.00325061;0.0911133;0.00286793;0.00515637;0.00556819;0.00946031;0.831653;0.0125857;0.00766162;0.00756002;0.00280851;office;office;
a122_180_210.wav;0.00168525;0.00155901;0.00118405;0.00243869;0.00147053;0.0142891;0.0012322;0.00183151;0.00208075;0.00351687;0.956837;0.0040731;0.00373658;0.00284785;0.00121776;office;office;
a122_120_150.wav;0.00136501;0.00165079;0.00126363;0.00235474;0.00162791;0.00952813;0.00131659;0.00210474;0.00124357;0.00186493;0.965062;0.0027651;0.00344765;0.00312641;0.00127879;office;office;
a122_60_90.wav;0.00231761;0.00318481;0.00238794;0.00503293;0.00271465;0.01008;0.00244119;0.00488648;0.00205625;0.00439981;0.941409;0.0042989;0.00504706;0.00744941;0.00229377;office;office;
a122_270_300.wav;0.00285341;0.00323052;0.00228052;0.00523084;0.00262668;0.00903141;0.00232598;0.00408126;0.0046663;0.00791983;0.934393;0.00576836;0.00724899;0.0060736;0.00226903;office;office;
a122_210_240.wav;0.00184811;0.00242752;0.00203493;0.00403917;0.00230889;0.00525452;0.00207623;0.0041312;0.00216779;0.00288543;0.955948;0.00249553;0.00436431;0.00610481;0.00191365;office;office;
