Accuracy = 64.3836% (188/292) (classification);
Chave do vetor;beach;bus;cafe/restaurant;car;city_center;forest_path;grocery_store;home;library;metro_station;office;park;residential_area;train;tram;Classe Predita;Classe correta;
a016_120_150.wav;0.903831;0.00471123;0.00399811;0.00408321;0.00423931;0.00564886;0.00221936;0.00450554;0.00249465;0.00466235;0.00214144;0.0436303;0.00481051;0.00599709;0.00302701;beach;beach;
a016_0_30.wav;0.965011;0.0033874;0.00118385;0.00132364;0.00556954;0.00176486;0.00118625;0.00178158;0.00161931;0.0022167;0.0009002;0.00724033;0.0019742;0.00372141;0.00112022;beach;beach;
a016_180_210.wav;0.888888;0.00726707;0.00484024;0.00262037;0.0139855;0.0051436;0.00642235;0.00698836;0.00796985;0.00672836;0.00166678;0.0304316;0.00706923;0.00718993;0.00278875;beach;beach;
a016_150_180.wav;0.647685;0.00673989;0.00647962;0.00419602;0.0143578;0.0059782;0.0052504;0.00487446;0.00440345;0.00789646;0.00228923;0.232969;0.0429933;0.00883371;0.00505433;beach;beach;
a016_90_120.wav;0.958984;0.001873;0.00137955;0.000854099;0.0081313;0.00180325;0.00453637;0.00271744;0.00231509;0.00931643;0.00067381;0.00216801;0.00142395;0.00256078;0.00126334;beach;beach;
a016_60_90.wav;0.974656;0.00196807;0.0011948;0.00123261;0.00267993;0.00210923;0.00126678;0.00183444;0.00154052;0.00280206;0.000869656;0.00293911;0.00146776;0.00227789;0.00116137;beach;beach;
a016_30_60.wav;0.969253;0.0011492;0.00103924;0.000808943;0.00961294;0.0018864;0.00171121;0.00172872;0.00104499;0.00544321;0.000588092;0.00151913;0.00116603;0.00208774;0.000961461;beach;beach;
a006_30_60.wav;0.020552;0.0166277;0.0108326;0.135419;0.0390411;0.372624;0.00757137;0.0229043;0.00885089;0.0637535;0.0824711;0.0899244;0.0734079;0.0300079;0.0260125;forest_path;beach;
a006_150_180.wav;0.0167456;0.0167268;0.00888105;0.622755;0.0247685;0.0787146;0.00619665;0.0193662;0.0072019;0.0451311;0.036552;0.0309777;0.0173956;0.0282384;0.0403487;car;beach;
a006_90_120.wav;0.0247208;0.0151967;0.00926155;0.053268;0.0722697;0.46183;0.00668469;0.0188837;0.00753398;0.0398208;0.0445501;0.103654;0.0987779;0.0267219;0.0168265;forest_path;beach;
a006_60_90.wav;0.0181883;0.0153553;0.0101463;0.122542;0.0348772;0.432004;0.00704834;0.0219635;0.00828934;0.0561097;0.0813671;0.0810801;0.0608965;0.0284047;0.0217274;forest_path;beach;
a006_0_30.wav;0.0185253;0.0158116;0.007635;0.645674;0.0237219;0.0564197;0.00553953;0.0160276;0.00627004;0.0439554;0.0274896;0.0340892;0.0220693;0.0278576;0.0489145;car;beach;
a023_30_60.wav;0.0653604;0.00574637;0.00427381;0.0099515;0.00638552;0.240998;0.00288778;0.006621;0.00352016;0.00612635;0.00276418;0.12041;0.512599;0.00793625;0.00442009;residential_area;beach;
a023_150_180.wav;0.105792;0.00429375;0.00369692;0.00734385;0.00567048;0.212435;0.00249417;0.00575083;0.00352105;0.00617867;0.00238961;0.206474;0.424036;0.00608749;0.00383546;residential_area;beach;
a023_180_210.wav;0.0633098;0.00208121;0.00183851;0.00481957;0.00497061;0.67762;0.00129577;0.00327108;0.0012781;0.00302632;0.00186431;0.12146;0.106603;0.00371425;0.00284797;forest_path;beach;
a023_0_30.wav;0.411183;0.00578505;0.005016;0.0103865;0.00869481;0.0817166;0.00301802;0.0066509;0.00344134;0.00579576;0.00320713;0.102056;0.339177;0.00858478;0.00528698;beach;beach;
a023_60_90.wav;0.14;0.00495025;0.00314822;0.00771731;0.00592759;0.442614;0.00229655;0.00476394;0.00351018;0.00644669;0.00276507;0.210674;0.156826;0.00518861;0.00317148;forest_path;beach;
a023_90_120.wav;0.0857111;0.00244715;0.00157013;0.00388999;0.00409437;0.555172;0.00117431;0.00245722;0.00181877;0.00276928;0.0016462;0.227578;0.105767;0.00253319;0.00137081;forest_path;beach;
a023_120_150.wav;0.0784485;0.00221087;0.0014548;0.00406854;0.00240478;0.813295;0.00121962;0.00311116;0.0017275;0.00331649;0.00172943;0.0220394;0.0600447;0.0031028;0.00182635;forest_path;beach;
b112_203_233.wav;0.000389682;0.722693;0.00103536;0.00291953;0.00195261;0.00137594;0.000605388;0.00232436;0.00098578;0.00336371;0.000391923;0.00073714;0.00069793;0.259025;0.00150269;bus;bus;
b112_113_143.wav;0.0200196;0.0809878;0.0156215;0.338123;0.0295026;0.0375282;0.00763122;0.014928;0.0126616;0.0502426;0.00387575;0.142795;0.0610901;0.179533;0.00545996;car;bus;
b112_30_60.wav;0.00076914;0.244274;0.00374203;0.00601857;0.00531167;0.00245833;0.00369377;0.00480009;0.00278436;0.0153665;0.000556734;0.00176066;0.0013935;0.705607;0.00146371;train;bus;
b112_60_90.wav;0.00490591;0.489398;0.00342217;0.0511573;0.0147171;0.0067187;0.00176355;0.0118089;0.00415385;0.0102876;0.00128619;0.00773805;0.0091637;0.381344;0.00213473;bus;bus;
b112_173_203.wav;0.00736002;0.100132;0.00806958;0.0666866;0.00630851;0.0304193;0.0218785;0.0179904;0.0134653;0.165394;0.00344921;0.0683154;0.0150637;0.462891;0.0125768;train;bus;
b112_143_173.wav;0.0039859;0.24345;0.00675121;0.0214779;0.00460614;0.0249602;0.0231252;0.0200242;0.0103842;0.1929;0.00314578;0.0318;0.00615293;0.396292;0.0109448;train;bus;
b112_0_30.wav;0.00494982;0.01767;0.0180445;0.00927384;0.0188544;0.0227214;0.228888;0.0156482;0.05968;0.454261;0.00236323;0.0244053;0.0129004;0.0515606;0.0587796;metro_station;bus;
b109_90_120.wav;0.0125437;0.251853;0.120847;0.033497;0.0174597;0.0412997;0.0117034;0.169654;0.0146518;0.212869;0.00876121;0.0137076;0.00710376;0.0582337;0.0258149;bus;bus;
b109_30_60.wav;0.000910784;0.952949;0.000986556;0.0065822;0.00125061;0.00251707;0.00190127;0.00286073;0.00290545;0.00506308;0.0012105;0.00124931;0.000883932;0.010046;0.00868397;bus;bus;
b109_0_30.wav;0.0161396;0.307891;0.209937;0.0469916;0.0218817;0.0535892;0.0127269;0.0668331;0.0139827;0.0910309;0.0113415;0.0180096;0.00890155;0.099532;0.021212;bus;bus;
b109_60_90.wav;0.00916913;0.849505;0.018537;0.00451511;0.00874192;0.00869228;0.0108945;0.00828675;0.0227847;0.0173072;0.0024625;0.00754527;0.00329137;0.020948;0.007319;bus;bus;
b109_180_210.wav;0.00225914;0.915286;0.0116131;0.00319718;0.00335152;0.00485362;0.00328732;0.00610813;0.00596703;0.0233137;0.00198783;0.00280531;0.00168301;0.00782905;0.00645789;bus;bus;
b109_210_240.wav;0.00398736;0.0721967;0.00545721;0.153384;0.0385986;0.00556327;0.00272257;0.00316227;0.00379299;0.0169684;0.00152314;0.00584349;0.00586822;0.677084;0.00384736;train;bus;
b109_240_270.wav;0.00179289;0.933059;0.00822983;0.00265927;0.00279327;0.00370076;0.00370858;0.00522762;0.00337385;0.0160983;0.00153287;0.00221398;0.00134191;0.0113452;0.0029222;bus;bus;
b109_120_150.wav;0.00295902;0.429605;0.00776151;0.00779895;0.00894247;0.00860659;0.00642315;0.0351445;0.0111713;0.026282;0.00270931;0.00336759;0.00263853;0.410414;0.036176;bus;bus;
b109_150_180.wav;0.0040504;0.791936;0.0235497;0.00709361;0.00598462;0.0103307;0.00499392;0.0218633;0.00579399;0.0903807;0.00324728;0.00485175;0.00278471;0.0145496;0.00859017;bus;bus;
b108_90_120.wav;0.00195751;0.00413254;0.00184537;0.950435;0.00251117;0.00419099;0.00164629;0.00343689;0.00189577;0.00809059;0.00314362;0.00273268;0.00118463;0.00401911;0.00877815;car;bus;
b108_0_30.wav;0.0081106;0.694132;0.0053268;0.175883;0.00684164;0.00730403;0.00257332;0.0247935;0.00398893;0.00898571;0.00618596;0.011008;0.00729655;0.0310347;0.00653576;bus;bus;
b108_60_90.wav;0.010922;0.128745;0.0127504;0.0491596;0.0140393;0.0234369;0.00809611;0.0317342;0.0100494;0.158578;0.0380636;0.0230739;0.0115831;0.44884;0.0309286;train;bus;
b108_30_60.wav;0.00642411;0.379344;0.0143501;0.0246891;0.00905813;0.0287785;0.00727694;0.241447;0.0083471;0.0381722;0.00662215;0.00848595;0.00442914;0.213942;0.00863361;bus;bus;
a130_90_120.wav;0.00599248;0.0704404;0.356187;0.00566964;0.00569179;0.00640827;0.168925;0.0562144;0.0836819;0.164905;0.00396378;0.0045519;0.00376596;0.0561027;0.00749961;cafe/restaurant;cafe/restaurant;
a130_60_90.wav;0.00152416;0.0102364;0.592136;0.00138782;0.00166758;0.00173024;0.277776;0.0217204;0.0447511;0.00986478;0.00142189;0.00211961;0.00122725;0.0286578;0.0037789;cafe/restaurant;cafe/restaurant;
a130_150_180.wav;0.00358531;0.00596496;0.175087;0.00266693;0.00250705;0.00349068;0.485055;0.0228948;0.0330677;0.235063;0.00231749;0.00332751;0.00200124;0.0122856;0.0106853;grocery_store;cafe/restaurant;
a130_180_210.wav;0.00786361;0.00740119;0.140702;0.00585991;0.00451029;0.0069568;0.557291;0.0673758;0.037541;0.123264;0.00387808;0.00810947;0.00321002;0.0132718;0.0127642;grocery_store;cafe/restaurant;
a130_210_240.wav;0.00517823;0.00888139;0.308606;0.00766231;0.00534315;0.00884115;0.388549;0.138764;0.0265388;0.0442333;0.00425831;0.0090001;0.00318302;0.0171858;0.0237753;grocery_store;cafe/restaurant;
a130_0_30.wav;0.000974185;0.0019975;0.00972683;0.000501528;0.000842496;0.000790409;0.93997;0.00463883;0.00291934;0.0123285;0.000696596;0.000734095;0.000607838;0.00255899;0.0207126;grocery_store;cafe/restaurant;
a130_120_150.wav;0.00909136;0.0310387;0.386813;0.00733973;0.00714558;0.00837147;0.0808514;0.079539;0.170173;0.15176;0.00518125;0.0062236;0.00495064;0.0428413;0.00867986;cafe/restaurant;cafe/restaurant;
a130_30_60.wav;0.00656316;0.0268302;0.330836;0.00935967;0.00861564;0.0102072;0.262438;0.0799565;0.0533199;0.145705;0.00593748;0.00820996;0.00623351;0.0295129;0.0162743;cafe/restaurant;cafe/restaurant;
a109_210_240.wav;0.00829256;0.379068;0.264352;0.0144061;0.0108372;0.0165081;0.103261;0.0426105;0.0166579;0.0493978;0.00735651;0.00913471;0.00616903;0.0573;0.0146484;bus;cafe/restaurant;
a109_0_30.wav;0.00375008;0.354579;0.144419;0.00580837;0.00510717;0.00735155;0.328231;0.0172215;0.0117677;0.0554045;0.00357286;0.00474237;0.00299984;0.0348457;0.0201993;bus;cafe/restaurant;
a109_150_180.wav;0.00440577;0.181468;0.648659;0.00818214;0.0059873;0.0095718;0.0618905;0.0146498;0.00653548;0.0109417;0.00358582;0.00521402;0.00312563;0.0297034;0.00607917;cafe/restaurant;cafe/restaurant;
a109_90_120.wav;0.00392442;0.363929;0.21647;0.00625908;0.00533237;0.00695613;0.310783;0.0140267;0.0078689;0.011939;0.00330512;0.00455915;0.00280579;0.0340778;0.00776329;bus;cafe/restaurant;
a109_60_90.wav;0.00323567;0.437122;0.151553;0.00446098;0.00417074;0.00525488;0.317829;0.00881182;0.0187201;0.0186855;0.00289147;0.00357314;0.00246583;0.0155283;0.00569772;bus;cafe/restaurant;
a109_120_150.wav;0.00497825;0.23314;0.608063;0.00943054;0.00659083;0.0111691;0.0414341;0.0195969;0.0076416;0.0142759;0.003826;0.00569005;0.00326471;0.0244967;0.00640259;cafe/restaurant;cafe/restaurant;
a109_180_210.wav;0.00538823;0.370675;0.490594;0.01106;0.00750434;0.0138555;0.015083;0.0154834;0.0069186;0.012986;0.00391473;0.00625481;0.00337053;0.0304346;0.00647678;cafe/restaurant;cafe/restaurant;
a082_30_60.wav;0.00935951;0.0230091;0.645378;0.0230531;0.0114474;0.0250659;0.0239859;0.036861;0.0119792;0.0351469;0.00631803;0.00985456;0.00499102;0.121909;0.011641;cafe/restaurant;cafe/restaurant;
a082_150_180.wav;0.00875054;0.0247085;0.703943;0.0202618;0.0105405;0.0219011;0.039006;0.0299631;0.0130559;0.0372071;0.00612425;0.00905954;0.00505281;0.0603041;0.0101223;cafe/restaurant;cafe/restaurant;
a082_90_120.wav;0.0102811;0.0404129;0.581693;0.0219769;0.0118519;0.0244521;0.0444906;0.0402952;0.01669;0.0492012;0.0068592;0.0101888;0.00550649;0.124579;0.0115217;cafe/restaurant;cafe/restaurant;
a082_60_90.wav;0.016231;0.0347139;0.31297;0.0337321;0.0169237;0.0372813;0.039506;0.0751162;0.0228896;0.0849158;0.00918254;0.0140109;0.00709457;0.277546;0.0178861;cafe/restaurant;cafe/restaurant;
a082_120_150.wav;0.00783319;0.0154678;0.707373;0.0149645;0.0085729;0.0165409;0.01956;0.0255111;0.0110115;0.0230612;0.00486028;0.0075287;0.00400112;0.123064;0.0106492;cafe/restaurant;cafe/restaurant;
a101_30_60.wav;0.0255512;0.051609;0.0390897;0.136611;0.0347713;0.119197;0.0184804;0.141209;0.021672;0.132218;0.0170485;0.0271607;0.011459;0.187312;0.0366107;train;car;
a101_150_180.wav;0.0126227;0.03004;0.00507362;0.829447;0.0163074;0.0146695;0.00361398;0.010159;0.00412401;0.0154374;0.00379494;0.00524774;0.00280281;0.034268;0.0123918;car;car;
a101_90_120.wav;0.00676253;0.0446161;0.00206613;0.824653;0.0314738;0.010761;0.00187166;0.00357722;0.00245917;0.0124545;0.00291943;0.0150099;0.00834984;0.0196385;0.0133871;car;car;
a101_180_210.wav;0.0225434;0.037593;0.00515793;0.448588;0.0928764;0.0204866;0.00409974;0.00957398;0.00459255;0.0266709;0.00776858;0.0545467;0.137;0.119288;0.00921432;car;car;
a101_0_30.wav;0.0149494;0.0250181;0.0163189;0.657851;0.0167686;0.0471803;0.00917074;0.0450546;0.0107942;0.0524968;0.00856292;0.0132186;0.00578455;0.0597853;0.0170456;car;car;
a137_60_90.wav;0.00465242;0.15693;0.00389867;0.679098;0.00558679;0.0108746;0.00306265;0.00667028;0.00388526;0.0400272;0.0169573;0.0101916;0.00340341;0.0210732;0.0336891;car;car;
a137_90_120.wav;0.0037326;0.00752877;0.00411699;0.851462;0.00539362;0.0124141;0.00321311;0.00837114;0.00370423;0.0701207;0.00521162;0.00416385;0.00186732;0.00973532;0.00896437;car;car;
a137_0_30.wav;0.00623771;0.030554;0.00425099;0.85086;0.00850362;0.0152004;0.00316321;0.00812315;0.00329331;0.022423;0.00541394;0.0056127;0.00242409;0.0124271;0.0215128;car;car;
a137_150_180.wav;0.00153247;0.00401527;0.00154265;0.950052;0.00298584;0.00417943;0.00146084;0.00283067;0.0016247;0.00541033;0.00403354;0.00279902;0.00150696;0.00434294;0.0116834;car;car;
a137_240_270.wav;0.0222828;0.0539416;0.0322106;0.284222;0.0296166;0.0971228;0.0158511;0.105602;0.0184979;0.118595;0.014832;0.023599;0.00985091;0.137648;0.0361273;car;car;
a137_270_300.wav;0.00129471;0.00281703;0.00137811;0.965659;0.0021815;0.0033539;0.00132231;0.00247345;0.00148898;0.00529193;0.00240696;0.00172219;0.000799696;0.00286536;0.00494462;car;car;
a137_180_210.wav;0.0219513;0.0988338;0.0326964;0.223641;0.030255;0.0940813;0.0160512;0.104821;0.0190529;0.118807;0.017953;0.0242441;0.0102788;0.143999;0.0433338;car;car;
a137_30_60.wav;0.0170786;0.0401343;0.0229409;0.473695;0.0221535;0.0683399;0.0121707;0.0680246;0.0149424;0.0962057;0.0131949;0.0178548;0.00778362;0.0941323;0.0313493;car;car;
a137_210_240.wav;0.00147591;0.0037271;0.00148816;0.942443;0.00322234;0.00385772;0.00144583;0.00267907;0.00160709;0.00625208;0.00320838;0.00238335;0.00114516;0.00411543;0.0209495;car;car;
b045_30_60.wav;0.0128125;0.0217658;0.0188567;0.0437953;0.0766139;0.06014;0.0292217;0.0656723;0.125064;0.333213;0.0099116;0.0192581;0.00800196;0.138205;0.0374683;metro_station;car;
b045_180_210.wav;0.00242896;0.0053701;0.00381549;0.017723;0.0736012;0.0134118;0.0358063;0.00702302;0.130318;0.633974;0.00221989;0.00646681;0.00411375;0.0523643;0.0113632;metro_station;car;
b045_0_30.wav;0.0122053;0.0185178;0.0161789;0.0380995;0.193258;0.0441518;0.017938;0.0495342;0.137234;0.222897;0.00906127;0.019213;0.00967263;0.189395;0.0226442;metro_station;car;
b045_120_150.wav;0.014076;0.0255764;0.0202913;0.0486835;0.0497347;0.076383;0.0533435;0.0803611;0.0880845;0.312877;0.011194;0.019466;0.00818068;0.134376;0.0573722;metro_station;car;
b045_90_120.wav;0.0131368;0.0230106;0.0193792;0.0458149;0.0518251;0.0673726;0.0402139;0.0705963;0.138201;0.326253;0.0103944;0.0194717;0.00821224;0.110721;0.0553965;metro_station;car;
b045_60_90.wav;0.0155835;0.0288636;0.0225517;0.0549533;0.0379123;0.0876784;0.0632804;0.103966;0.0800565;0.265958;0.0123058;0.0206601;0.00875315;0.124277;0.0732;metro_station;car;
a128_131_161.wav;0.0395714;0.179404;0.00727989;0.00656475;0.199937;0.0069239;0.0457576;0.00662638;0.0135753;0.0661101;0.00225233;0.0135604;0.00649747;0.396719;0.00922003;train;city_center;
a128_101_131.wav;0.0844337;0.067417;0.01332;0.00496614;0.056972;0.0069663;0.0596771;0.00669023;0.0187983;0.609313;0.00306125;0.0112998;0.00735413;0.0383322;0.011399;metro_station;city_center;
a128_41_71.wav;0.128343;0.0163094;0.016886;0.00603763;0.280895;0.00988364;0.050759;0.00635304;0.0188279;0.36758;0.00383521;0.0341643;0.0271953;0.0262463;0.00668483;metro_station;city_center;
a128_11_41.wav;0.0110142;0.0128092;0.00621368;0.00294825;0.81379;0.00297157;0.0104184;0.00187208;0.00973257;0.0648642;0.00127841;0.00786065;0.00793189;0.0443179;0.0019774;city_center;city_center;
a128_161_191.wav;0.0511451;0.00954275;0.0216798;0.0053976;0.320587;0.00653749;0.025197;0.00400578;0.0109055;0.494719;0.00278707;0.0133487;0.0143605;0.0161301;0.00365712;metro_station;city_center;
a128_191_221.wav;0.088631;0.0795699;0.0386;0.00867761;0.266957;0.0307858;0.0435397;0.0129026;0.0441568;0.099024;0.0046143;0.169974;0.0318291;0.0714173;0.00932168;city_center;city_center;
a128_71_101.wav;0.0444574;0.0146762;0.0116711;0.00504977;0.695192;0.0047477;0.0213784;0.00363302;0.0071478;0.116336;0.002176;0.00972231;0.0124969;0.0468968;0.00441829;city_center;city_center;
b098_0_30.wav;0.0720189;0.00322622;0.00324451;0.0200573;0.236231;0.0306849;0.00219425;0.00366608;0.003626;0.0074004;0.00232517;0.398284;0.20288;0.0112397;0.0029221;park;city_center;
b098_30_60.wav;0.126258;0.00238136;0.00338117;0.00502551;0.455293;0.0214681;0.00238598;0.00390575;0.0039545;0.00749893;0.00220859;0.28417;0.0723368;0.00538544;0.00434712;city_center;city_center;
b098_120_150.wav;0.00738492;0.00209747;0.00243542;0.00621832;0.21851;0.0231518;0.00182436;0.00253464;0.00305547;0.00444029;0.00161893;0.631444;0.0890255;0.00385874;0.00239975;park;city_center;
b098_180_210.wav;0.206019;0.0039091;0.00287853;0.0150031;0.0893775;0.137031;0.00204219;0.00346208;0.00299689;0.00469237;0.00232716;0.418053;0.103206;0.00664344;0.00235889;park;city_center;
b098_60_90.wav;0.0228817;0.00416434;0.00744741;0.00468817;0.181793;0.0091231;0.00225753;0.00398119;0.00348892;0.00646098;0.00195525;0.706198;0.0371798;0.00625237;0.0021276;park;city_center;
b098_150_180.wav;0.183592;0.00250541;0.00220698;0.00457294;0.0879545;0.0331181;0.0012492;0.00234705;0.00193135;0.00293922;0.00146746;0.620113;0.0506481;0.00387369;0.00148054;park;city_center;
b098_210_240.wav;0.00511896;0.000306479;0.000699092;0.00071179;0.955536;0.00498067;0.000412437;0.000599852;0.00107274;0.00194011;0.000600827;0.00758261;0.0191129;0.000744912;0.00058089;city_center;city_center;
b098_90_120.wav;0.0463467;0.00262735;0.00179136;0.0353599;0.216374;0.0169627;0.00120074;0.0020499;0.00141262;0.00588993;0.00129844;0.442663;0.217503;0.00712919;0.00139131;park;city_center;
b093_180_210.wav;0.0131377;0.00368584;0.00166613;0.0123194;0.930132;0.00344795;0.00234985;0.0022107;0.00107794;0.00348831;0.00115155;0.00197448;0.00259103;0.0169244;0.00384321;city_center;city_center;
b093_30_60.wav;0.0326774;0.053605;0.00340134;0.0142004;0.722709;0.00555766;0.00459345;0.00410521;0.00376472;0.00965485;0.00172626;0.00690065;0.0103665;0.122625;0.00411269;city_center;city_center;
b093_120_150.wav;0.0503685;0.0113235;0.00603809;0.0401074;0.761764;0.0115877;0.00501553;0.00948531;0.00353574;0.0113712;0.00357442;0.00649457;0.0035263;0.0591391;0.0166685;city_center;city_center;
b093_90_120.wav;0.148468;0.0241992;0.00482667;0.387779;0.302337;0.0182941;0.00372526;0.00714102;0.00378166;0.0122182;0.00350259;0.0121524;0.0314643;0.0313351;0.00877541;car;city_center;
b093_60_90.wav;0.0602132;0.0362649;0.0237389;0.259443;0.0715932;0.0745699;0.0131275;0.0651171;0.0151301;0.0717272;0.0114972;0.0203597;0.00862453;0.230582;0.0380111;car;city_center;
b093_0_30.wav;0.384742;0.0207898;0.0095198;0.054888;0.394233;0.0186982;0.00579259;0.0171794;0.0059476;0.0184955;0.00554955;0.00977723;0.00592328;0.0360045;0.0124589;city_center;city_center;
b093_150_180.wav;0.0620408;0.0093788;0.00161519;0.00643871;0.854325;0.00349096;0.00322465;0.00220922;0.00214918;0.00495189;0.00124487;0.00496614;0.0114472;0.0299259;0.00259104;city_center;city_center;
a057_150_180.wav;0.223053;0.00626365;0.00392063;0.00556844;0.00534894;0.605805;0.00257055;0.00738909;0.00331676;0.00827508;0.00605452;0.0720517;0.0415681;0.00538328;0.00343174;forest_path;forest_path;
a057_30_60.wav;0.00612401;0.000806529;0.000740355;0.000805631;0.00146857;0.97782;0.000960499;0.00139168;0.000623272;0.00130348;0.00105714;0.00155854;0.00353339;0.000999525;0.00080776;forest_path;forest_path;
a057_120_150.wav;0.0888102;0.00376707;0.00260325;0.00376435;0.00332888;0.830018;0.00201731;0.00550688;0.00202262;0.00525761;0.0041004;0.0237165;0.0185747;0.00399664;0.00251545;forest_path;forest_path;
a057_60_90.wav;0.00470045;0.000966871;0.000823866;0.000951844;0.00224659;0.977036;0.00104931;0.00148585;0.000712646;0.00165139;0.00115911;0.00176619;0.0033354;0.00120403;0.00091049;forest_path;forest_path;
a057_0_30.wav;0.0640683;0.00370436;0.00248279;0.0033543;0.00323316;0.861874;0.00205227;0.00500761;0.00199572;0.00535521;0.00514274;0.0189185;0.0167167;0.00370562;0.00238892;forest_path;forest_path;
a057_90_120.wav;0.0150007;0.00144314;0.00113699;0.00136515;0.00159573;0.960047;0.00122617;0.00236069;0.000892854;0.00196801;0.0020266;0.00335423;0.00483463;0.00160694;0.00114098;forest_path;forest_path;
a098_30_60.wav;0.00426911;0.0261017;0.00552923;0.0143273;0.00873734;0.0487338;0.00407967;0.0228237;0.0343132;0.0591329;0.590669;0.0960459;0.0305276;0.0428724;0.0118373;office;forest_path;
a098_150_180.wav;0.00518424;0.00477573;0.00323898;0.0200602;0.0104672;0.682225;0.00266807;0.00655958;0.00315142;0.0228005;0.181555;0.020521;0.0230238;0.00796374;0.00580498;forest_path;forest_path;
a098_90_120.wav;0.00271633;0.00116897;0.000932315;0.00233241;0.00179176;0.966595;0.00112454;0.0017049;0.00103659;0.003504;0.00347424;0.00584466;0.00481882;0.00178938;0.00116603;forest_path;forest_path;
a098_240_270.wav;0.00732117;0.00544214;0.00456822;0.0384867;0.0111248;0.788315;0.0035497;0.00979135;0.00380375;0.0251764;0.0497237;0.0182593;0.0150296;0.0122452;0.00716307;forest_path;forest_path;
a098_210_240.wav;0.00676767;0.00690322;0.00555978;0.0556455;0.0140636;0.668556;0.00417017;0.0121382;0.00476508;0.0458395;0.110332;0.020066;0.0182744;0.016438;0.0104809;forest_path;forest_path;
a098_270_300.wav;0.006911;0.00637254;0.00505664;0.0585479;0.0121412;0.716371;0.00388159;0.0108202;0.00426098;0.0339092;0.0861823;0.017103;0.0149507;0.0141138;0.00937824;forest_path;forest_path;
a098_180_210.wav;0.00826871;0.00887578;0.00725939;0.0644858;0.0180083;0.634227;0.0050757;0.0168972;0.00625745;0.0486439;0.109216;0.0227396;0.0185461;0.0197603;0.0117392;forest_path;forest_path;
a098_0_30.wav;0.00899827;0.0731276;0.006371;0.0355445;0.0132228;0.0470364;0.0042885;0.0621352;0.0115899;0.0389852;0.0596142;0.304722;0.25345;0.075894;0.00502055;park;forest_path;
a098_120_150.wav;0.00448739;0.00338871;0.00229267;0.0162107;0.00676547;0.84424;0.00209383;0.00438456;0.00217133;0.0145967;0.0518449;0.0158609;0.0217956;0.00607924;0.00378761;forest_path;forest_path;
a098_60_90.wav;0.00440776;0.00574887;0.00209624;0.00799573;0.00761234;0.223283;0.00188538;0.00395534;0.00217912;0.0149377;0.51821;0.0763595;0.120919;0.00738878;0.00302139;office;forest_path;
a069_30_60.wav;0.0237232;0.0498782;0.0372768;0.102645;0.0324511;0.141861;0.0187318;0.186404;0.0203716;0.115865;0.0159234;0.0254802;0.010825;0.184558;0.034005;home;forest_path;
a069_60_90.wav;0.0257979;0.0520943;0.0395576;0.117887;0.0351632;0.12305;0.0186333;0.145463;0.0218318;0.13366;0.0171916;0.0274168;0.0115593;0.193711;0.036983;train;forest_path;
a069_120_150.wav;0.00351559;0.00391303;0.00651913;0.00709709;0.00396476;0.927286;0.00231342;0.00845273;0.00265973;0.011346;0.00252037;0.00419328;0.00267027;0.0101046;0.00344368;forest_path;forest_path;
a069_90_120.wav;0.00400368;0.00480278;0.00629243;0.00883787;0.00477151;0.913803;0.00272933;0.0105411;0.00305484;0.0138414;0.00295837;0.00495768;0.00273466;0.0125848;0.00408674;forest_path;forest_path;
a069_0_30.wav;0.0246323;0.0500675;0.0387125;0.108996;0.0336532;0.142301;0.018954;0.163948;0.0209807;0.124558;0.0165093;0.0263313;0.0111818;0.183441;0.0357334;train;forest_path;
a105_270_300.wav;0.00604026;0.0235549;0.809892;0.013322;0.00770549;0.01464;0.0397802;0.019832;0.00594494;0.013069;0.00436932;0.00680355;0.00366453;0.0247085;0.00667379;cafe/restaurant;grocery_store;
a105_210_240.wav;0.0126413;0.0860951;0.569739;0.0358998;0.0165;0.0400253;0.0233574;0.0478869;0.0143773;0.0419145;0.00898342;0.0140163;0.00696061;0.0649843;0.0166188;cafe/restaurant;grocery_store;
a105_90_120.wav;0.0188648;0.0742311;0.317568;0.0551686;0.024312;0.06022;0.0717031;0.107825;0.0358491;0.0565374;0.0134637;0.0204494;0.0104181;0.107422;0.0259682;cafe/restaurant;grocery_store;
a105_30_60.wav;0.0105074;0.0151296;0.0441556;0.00973164;0.00646369;0.0103461;0.662113;0.117251;0.0462583;0.0264277;0.00487199;0.00664527;0.0039692;0.0121378;0.0239921;grocery_store;grocery_store;
a105_150_180.wav;0.019942;0.0821619;0.117494;0.0418493;0.0242429;0.0443862;0.363492;0.0837989;0.0460904;0.037892;0.0150915;0.0209463;0.0125306;0.0648545;0.0252272;grocery_store;grocery_store;
a105_0_30.wav;0.0202137;0.0182045;0.0360405;0.00940311;0.00715215;0.0122;0.453612;0.21192;0.0227238;0.0558442;0.00434955;0.00694139;0.00374533;0.0168758;0.120773;grocery_store;grocery_store;
a105_180_210.wav;0.013598;0.18627;0.39849;0.038156;0.0181503;0.0444014;0.0255986;0.0720214;0.0179206;0.0591263;0.00967515;0.0153144;0.00759542;0.0757636;0.0179182;cafe/restaurant;grocery_store;
a105_120_150.wav;0.016697;0.048341;0.0836352;0.024928;0.0150974;0.0263038;0.440153;0.128729;0.0574694;0.043264;0.0101478;0.0143177;0.00859118;0.0395733;0.0427527;grocery_store;grocery_store;
b103_120_150.wav;0.0342542;0.00588192;0.0147649;0.00407204;0.00460553;0.00618179;0.606824;0.0485445;0.0147301;0.198357;0.00246907;0.00428274;0.0023994;0.00693658;0.0456968;grocery_store;grocery_store;
b103_0_30.wav;0.0823898;0.0503586;0.00824735;0.0271106;0.0386355;0.0408442;0.090341;0.0570264;0.0180874;0.115794;0.00472659;0.0110852;0.00600572;0.146927;0.302421;tram;grocery_store;
b103_90_120.wav;0.00310327;0.00225075;0.0159366;0.0015298;0.00195443;0.00220416;0.807454;0.0743716;0.021779;0.0304497;0.00137934;0.00223061;0.00131397;0.0044821;0.0295602;grocery_store;grocery_store;
b103_60_90.wav;0.00240452;0.00164813;0.00357691;0.000566988;0.00123075;0.00101158;0.942079;0.0124423;0.00599189;0.0108635;0.000684335;0.00146354;0.000817308;0.00215785;0.0130617;grocery_store;grocery_store;
b103_30_60.wav;0.0101044;0.00500591;0.0190839;0.00458361;0.00335664;0.00482351;0.726804;0.0456145;0.0224404;0.0474721;0.00257668;0.00381932;0.00213728;0.00588406;0.0962932;grocery_store;grocery_store;
b106_30_60.wav;0.00751402;0.018213;0.0121126;0.0188792;0.013076;0.0553628;0.309535;0.0873519;0.0754016;0.207988;0.00742744;0.0207954;0.00919983;0.0772041;0.0799394;grocery_store;grocery_store;
b106_0_30.wav;0.0010849;0.00453013;0.0257883;0.00216001;0.00186203;0.00301484;0.202766;0.0170482;0.0837145;0.637358;0.00145266;0.00184398;0.00148295;0.011725;0.0041682;metro_station;grocery_store;
b106_90_120.wav;0.00262841;0.00519949;0.00768081;0.0034463;0.00522415;0.0111347;0.415449;0.0256883;0.0265175;0.242532;0.00224702;0.00496962;0.00409157;0.00709859;0.236093;grocery_store;grocery_store;
b106_120_150.wav;0.00579991;0.00765641;0.0362331;0.0049633;0.00698195;0.0146969;0.329975;0.0728931;0.0647278;0.348406;0.00359459;0.00652682;0.00755629;0.00877509;0.0812139;metro_station;grocery_store;
b106_150_180.wav;0.00285953;0.00555904;0.00803618;0.00438824;0.00456317;0.0120588;0.544245;0.0472727;0.027681;0.0534686;0.00277088;0.00579536;0.00477182;0.00876275;0.267767;grocery_store;grocery_store;
b106_60_90.wav;0.00169899;0.00490999;0.103044;0.00241677;0.00337467;0.00380993;0.422463;0.0281598;0.080332;0.329432;0.00170089;0.00321593;0.0024664;0.00640807;0.00656783;grocery_store;grocery_store;
b030_90_120.wav;0.011112;0.024001;0.017359;0.036245;0.0153651;0.0465967;0.0111236;0.670002;0.0207444;0.0443534;0.00906618;0.0127848;0.00553325;0.0587038;0.01701;home;home;
b030_0_30.wav;0.0220601;0.0420614;0.03246;0.0943383;0.0301426;0.100832;0.0160663;0.312297;0.0199578;0.10671;0.0148978;0.0241412;0.0100989;0.143082;0.0308553;home;home;
b030_270_300.wav;0.000713435;0.00131382;0.00485407;0.000755284;0.001436;0.00225327;0.00442413;0.962839;0.0115555;0.00271078;0.000591382;0.00122591;0.000674091;0.00333931;0.00131413;home;home;
b030_30_60.wav;0.0208673;0.0400306;0.0310147;0.0871326;0.0284951;0.0940756;0.0190888;0.341582;0.0227374;0.101073;0.0169167;0.0226998;0.00966395;0.135571;0.0290511;home;home;
b030_210_240.wav;0.000837239;0.00212253;0.00951375;0.000961648;0.00142065;0.0021462;0.0074133;0.948004;0.0141113;0.00254842;0.000771214;0.00111056;0.000696811;0.00519744;0.00314473;home;home;
b030_150_180.wav;0.00443616;0.0135849;0.0165153;0.0100216;0.00617321;0.0152785;0.00556529;0.829142;0.0174246;0.0144343;0.0035111;0.00613213;0.00257278;0.0330193;0.0221892;home;home;
b030_240_270.wav;0.00335943;0.00992367;0.022346;0.00659895;0.00491886;0.0106863;0.0159181;0.852993;0.0170487;0.0107523;0.00297058;0.00406009;0.00205946;0.0242567;0.0121081;home;home;
b030_120_150.wav;0.00552957;0.0148896;0.0403829;0.0129685;0.00761277;0.0181347;0.00718914;0.760288;0.0136296;0.0178753;0.00423782;0.00794846;0.00321849;0.0484775;0.0376171;home;home;
b030_180_210.wav;0.00152447;0.00397721;0.156296;0.00218639;0.00224832;0.0032922;0.0235351;0.774377;0.0101174;0.00527211;0.00137888;0.0023886;0.00126235;0.00881053;0.00333373;home;home;
b030_60_90.wav;0.0195024;0.0358095;0.0286442;0.0788054;0.0267367;0.0871702;0.0141248;0.414409;0.0185433;0.0889279;0.0131309;0.0211155;0.00906374;0.117151;0.0268651;home;home;
b031_60_90.wav;0.00522873;0.00534721;0.0253219;0.00353073;0.0152456;0.045245;0.00962286;0.177524;0.669913;0.00957975;0.00205857;0.0134422;0.0058545;0.00972746;0.00235929;library;home;
b031_210_240.wav;0.00556262;0.00670378;0.0840683;0.00356534;0.0235314;0.0222402;0.039028;0.032466;0.721467;0.022456;0.00256991;0.00966161;0.00590623;0.0168712;0.00390267;library;home;
b031_180_210.wav;0.00589345;0.00226286;0.00988607;0.00331826;0.0105704;0.0235551;0.0197091;0.0245225;0.848838;0.0192454;0.00243764;0.00610976;0.0088568;0.0052403;0.0095548;library;home;
b031_30_60.wav;0.0110909;0.0270068;0.0490364;0.0133338;0.0371877;0.0839458;0.0151556;0.343111;0.281408;0.0293073;0.00551554;0.0239446;0.0186967;0.0549581;0.00630083;home;home;
b031_0_30.wav;0.0247497;0.149876;0.0201198;0.0378798;0.0647845;0.126065;0.0356472;0.220196;0.047054;0.0524075;0.0123181;0.0158202;0.0110608;0.162863;0.0191584;home;home;
b031_120_150.wav;0.0227289;0.0497309;0.0231188;0.00971271;0.210076;0.0656944;0.0476013;0.0324157;0.232711;0.134781;0.00438244;0.0236157;0.0236218;0.108765;0.011045;library;home;
b031_90_120.wav;0.00355262;0.00155443;0.0213357;0.00195406;0.00611631;0.00824479;0.0171197;0.0215387;0.880574;0.0205117;0.00180511;0.00323945;0.0042438;0.00290986;0.0053003;library;home;
b031_150_180.wav;0.00603943;0.0104886;0.112178;0.00470607;0.0229563;0.0215303;0.0396219;0.0372274;0.676191;0.023788;0.00286293;0.0148552;0.00735728;0.0162923;0.00390523;library;home;
b036_60_90.wav;0.00106173;0.000950035;0.00177268;0.00145887;0.00316413;0.00434697;0.0203405;0.0691607;0.866478;0.0172733;0.00120474;0.00232331;0.00265999;0.00326056;0.00454465;library;library;
b036_210_240.wav;0.0017539;0.000881123;0.00755411;0.00179332;0.00635283;0.00664294;0.00496139;0.0151507;0.913003;0.0152063;0.00109453;0.0106665;0.0108726;0.00271731;0.00134975;library;library;
b036_0_30.wav;0.00260162;0.00138829;0.0166444;0.00155668;0.00364608;0.00300816;0.0245522;0.0817564;0.829492;0.0226131;0.00121989;0.0036846;0.00325326;0.00331105;0.00127195;library;library;
b036_90_120.wav;0.00106824;0.000805429;0.00379729;0.00112768;0.00350818;0.00512981;0.0129116;0.0130149;0.925703;0.019279;0.000944966;0.0033901;0.00325723;0.00338993;0.00267219;library;library;
b036_180_210.wav;0.00151034;0.00063569;0.00216901;0.00114483;0.00263862;0.00415289;0.00725195;0.0111215;0.93591;0.0175302;0.000967888;0.00349007;0.00656344;0.00193254;0.00298082;library;library;
b036_150_180.wav;0.00179946;0.00189438;0.0184087;0.00192847;0.0042872;0.00457651;0.0234754;0.139852;0.766893;0.0210502;0.00128045;0.00443062;0.00362681;0.00517784;0.0013193;library;library;
b039_120_150.wav;0.00531027;0.00890886;0.0478281;0.0123533;0.0130044;0.0155431;0.0299788;0.238944;0.523191;0.0258093;0.00436624;0.0392495;0.00880376;0.0217787;0.00493074;library;library;
b039_150_180.wav;0.00220531;0.00343935;0.0117626;0.00591545;0.00642485;0.00649749;0.0137989;0.119098;0.788732;0.0129921;0.00230179;0.0088409;0.00427666;0.0115464;0.00216808;library;library;
b039_60_90.wav;0.000968219;0.000782343;0.00248364;0.00120978;0.00262317;0.00300964;0.00487321;0.0410099;0.927925;0.00627044;0.000959089;0.00254223;0.00231539;0.00229998;0.000727707;library;library;
b039_90_120.wav;0.000989141;0.00111979;0.00799082;0.00164063;0.00232121;0.0016667;0.0126733;0.0445763;0.909191;0.00705197;0.000979185;0.0030346;0.00201354;0.00406837;0.000683028;library;library;
b039_180_210.wav;0.000752985;0.000613448;0.000683613;0.00114576;0.00177956;0.00210072;0.00324522;0.00719701;0.966266;0.00698551;0.000992309;0.0013855;0.00233493;0.00247774;0.0020395;library;library;
b039_0_30.wav;0.000681793;0.00049984;0.000768655;0.000894947;0.00225543;0.0020704;0.00234027;0.0133408;0.964284;0.00492327;0.00088101;0.00126066;0.002612;0.00163791;0.00154894;library;library;
b039_30_60.wav;0.00076945;0.000533431;0.000744949;0.00111953;0.00230442;0.00258567;0.00295128;0.00825119;0.963487;0.00908652;0.000953354;0.00140481;0.00226697;0.00206969;0.00147189;library;library;
b039_210_240.wav;0.0015041;0.00162709;0.00174669;0.00279106;0.00565985;0.00839801;0.0103115;0.0128343;0.913125;0.0201918;0.0016426;0.0032232;0.00301488;0.00597306;0.00795677;library;library;
b047_90_120.wav;0.00649837;0.0150905;0.00965828;0.015528;0.00909433;0.0219978;0.00633097;0.0228318;0.102455;0.17726;0.539775;0.0191858;0.00534773;0.025454;0.0234923;office;library;
b047_60_90.wav;0.00288455;0.00741012;0.00385402;0.00544919;0.0042477;0.00982069;0.00325162;0.0061577;0.0563896;0.40937;0.44699;0.0144385;0.00432585;0.013188;0.0122225;office;library;
b047_30_60.wav;0.0073497;0.0200191;0.00936826;0.0119734;0.00913271;0.0195037;0.00703223;0.0186845;0.18522;0.335094;0.278354;0.0288179;0.012652;0.0319962;0.024802;metro_station;library;
b047_0_30.wav;0.00400325;0.0128107;0.00537241;0.00847747;0.0057069;0.0124078;0.00381317;0.0113997;0.0647334;0.403758;0.379437;0.0422555;0.0115671;0.0221221;0.0121356;metro_station;library;
b047_120_150.wav;0.00280586;0.00957871;0.00376849;0.00588288;0.0041268;0.00882463;0.00294551;0.00676396;0.0498356;0.156681;0.709006;0.00986568;0.00295323;0.0128416;0.0141198;office;library;
a158_60_90.wav;0.00379981;0.00563116;0.0040107;0.754317;0.00524431;0.0120328;0.00322183;0.00767583;0.00359655;0.172458;0.00425427;0.00418626;0.00209389;0.00966885;0.00780898;car;metro_station;
a158_0_30.wav;0.0133053;0.0517406;0.0171599;0.0537278;0.0187846;0.0571894;0.0105419;0.0431957;0.0130817;0.513805;0.0388083;0.0179382;0.0078386;0.0881091;0.054774;metro_station;metro_station;
a158_30_60.wav;0.00428161;0.00654742;0.00460024;0.622314;0.00600238;0.0145015;0.00372055;0.00884035;0.00414577;0.289574;0.00581389;0.00472308;0.00255131;0.011145;0.0112389;car;metro_station;
b075_120_150.wav;0.00679904;0.0103522;0.00771503;0.0109121;0.0352147;0.0411595;0.0126079;0.0100127;0.11985;0.528843;0.00825193;0.0497277;0.0317061;0.0360075;0.0908406;metro_station;metro_station;
b075_0_30.wav;0.000940875;0.000532104;0.00128401;0.000943158;0.0033549;0.00112899;0.0212441;0.000325211;0.00175115;0.962082;0.000701287;0.0011438;0.00181884;0.00185144;0.000898001;metro_station;metro_station;
b075_60_90.wav;0.00411784;0.00454197;0.0101896;0.00466719;0.00897625;0.0153758;0.0440547;0.0100539;0.0429531;0.7261;0.00522237;0.085439;0.0115768;0.0113855;0.0153459;metro_station;metro_station;
b075_150_180.wav;0.00302214;0.00590115;0.00722556;0.00386275;0.0139684;0.0165974;0.0454238;0.00939566;0.0545822;0.712392;0.0049921;0.0243687;0.0103296;0.0159943;0.071944;metro_station;metro_station;
b075_90_120.wav;0.0832495;0.0619799;0.00705329;0.0976315;0.0499177;0.0762943;0.00547915;0.00935601;0.00911951;0.221262;0.0290929;0.163874;0.105111;0.0446896;0.0358902;metro_station;metro_station;
b075_30_60.wav;0.00496497;0.00516067;0.00666502;0.0039761;0.0176664;0.0177447;0.144095;0.00889924;0.0235176;0.67676;0.00307764;0.0273832;0.0108784;0.014144;0.035067;metro_station;metro_station;
a155_270_300.wav;0.00548906;0.00793571;0.00727826;0.00769078;0.00957998;0.0373568;0.00312369;0.00967685;0.0202585;0.711058;0.00451101;0.0369894;0.0702635;0.0638415;0.00494731;metro_station;metro_station;
a155_150_180.wav;0.00258792;0.00134813;0.0309892;0.00109851;0.00183506;0.00151985;0.0232516;0.00206192;0.0805877;0.845379;0.00123924;0.00261528;0.0013085;0.00300552;0.00117294;metro_station;metro_station;
a155_210_240.wav;0.0030197;0.000677142;0.00162566;0.00144469;0.0105565;0.00905839;0.00116391;0.000871005;0.00240015;0.930813;0.00095552;0.00307052;0.0254323;0.0062145;0.00269695;metro_station;metro_station;
a155_240_270.wav;0.00453207;0.00129179;0.00281862;0.00117007;0.00426205;0.0124022;0.0244754;0.00570077;0.0628001;0.849365;0.00166011;0.00963335;0.00616221;0.00738083;0.00634514;metro_station;metro_station;
a155_180_210.wav;0.000342563;0.000826813;0.00729184;0.000504692;0.000466387;0.00066498;0.00780109;0.000918441;0.00845968;0.967881;0.000932546;0.000314733;0.000239398;0.00111073;0.00224528;metro_station;metro_station;
a155_60_90.wav;0.00635529;0.00284283;0.00355429;0.00224609;0.00581926;0.0123878;0.0932008;0.0227006;0.0371525;0.688276;0.00200485;0.00484198;0.00314598;0.0167191;0.0987526;metro_station;metro_station;
a155_120_150.wav;0.00668454;0.0163755;0.0385564;0.00356681;0.00508496;0.00529131;0.311604;0.0914206;0.316126;0.148564;0.00258193;0.00350891;0.00337139;0.0368526;0.0104112;library;metro_station;
a155_30_60.wav;0.00144999;0.00124636;0.00550304;0.00131449;0.00292442;0.0119578;0.00387468;0.00461601;0.0401196;0.897387;0.00256438;0.00463981;0.00368552;0.0065049;0.0122116;metro_station;metro_station;
a155_0_30.wav;0.00202139;0.00153825;0.00622501;0.0015336;0.00265209;0.021398;0.00262961;0.00525777;0.0931273;0.830731;0.00249865;0.0105743;0.00953158;0.00517622;0.00510511;metro_station;metro_station;
a155_90_120.wav;0.00410702;0.00128522;0.00440187;0.00131434;0.00499398;0.0321106;0.00360814;0.00227642;0.00984055;0.880011;0.00139195;0.00630806;0.037938;0.00805403;0.00235905;metro_station;metro_station;
b116_180_210.wav;0.0030819;0.0463195;0.00213228;0.00538507;0.00263023;0.00595183;0.00172039;0.0184365;0.0117989;0.0131447;0.73569;0.0857868;0.0366237;0.0289137;0.00238441;office;office;
b116_240_270.wav;0.00281896;0.0128775;0.002089;0.00528991;0.00281488;0.007126;0.00181522;0.00720782;0.00542224;0.00951074;0.801157;0.056264;0.0733208;0.00998681;0.00229861;office;office;
b116_60_90.wav;0.00150865;0.0118728;0.00163676;0.00342742;0.00231009;0.00686956;0.00128353;0.00543906;0.0249963;0.0292673;0.892786;0.00443026;0.00375072;0.00785708;0.00256463;office;office;
b116_30_60.wav;0.00223802;0.0335135;0.0021349;0.00869923;0.00301722;0.00531693;0.00169423;0.0101099;0.00908037;0.0118039;0.863286;0.00753517;0.00509314;0.0334633;0.00301378;office;office;
b116_120_150.wav;0.00167426;0.0144729;0.00172991;0.00377609;0.00206015;0.00400227;0.00137286;0.00578366;0.0308717;0.0263384;0.842896;0.0429761;0.0111904;0.00823997;0.00261502;office;office;
b116_0_30.wav;0.00403414;0.0203585;0.00439386;0.0104922;0.0049603;0.0114978;0.00313135;0.0162438;0.0128159;0.0170117;0.838992;0.00931308;0.00705384;0.0352472;0.00445458;office;office;
b116_150_180.wav;0.0024208;0.023053;0.00153975;0.00732852;0.00227927;0.00461326;0.0013256;0.00723835;0.00504194;0.00793361;0.873871;0.0218931;0.0123585;0.0269378;0.00216522;office;office;
b116_90_120.wav;0.00168936;0.00546627;0.00202826;0.00259438;0.00212272;0.00532344;0.00152667;0.00531757;0.0396389;0.0540734;0.809646;0.0455319;0.0117114;0.0109537;0.00237608;office;office;
b113_0_30.wav;0.00166955;0.0244628;0.00167732;0.00842157;0.00237608;0.00554318;0.0014002;0.00385844;0.00763436;0.017995;0.901925;0.00828133;0.00315606;0.00887005;0.002729;office;office;
b113_210_240.wav;0.00154543;0.0129411;0.00189535;0.00506535;0.00239751;0.00351484;0.00162787;0.00361814;0.00458349;0.0612096;0.860949;0.00805305;0.00541727;0.0217216;0.00546035;office;office;
b113_30_60.wav;0.00120456;0.012023;0.00112951;0.0051747;0.00144319;0.00158036;0.00101631;0.00221141;0.00170184;0.0066913;0.948206;0.00426772;0.0035353;0.00790037;0.00191399;office;office;
b113_150_180.wav;0.000990342;0.0349653;0.00111115;0.00445637;0.00160738;0.00279074;0.000980613;0.00210618;0.00672991;0.0404514;0.881934;0.00684401;0.00221993;0.00903755;0.0037752;office;office;
